10.0 0.00340393750422 
10.3892193224 0.00341252940001 
10.7935878129 0.00342649159806 
11.2136951064 0.00344622957344 
11.6501537875 0.00347199969774 
12.1036002838 0.00350389263799 
12.574695794 0.00354182037152 
13.0641272516 0.00358550733314 
13.5726083273 0.00363448673027 
14.1008804689 0.0036881035317 
14.6497139831 0.00374552589055 
15.2199091581 0.00380576664113 
15.812297431 0.00386771589491 
16.4277426002 0.00393018462139 
17.0671420846 0.00399195753969 
17.7314282324 0.00405185191977 
18.4215696806 0.00410877737704 
19.1385727674 0.00416179085363 
19.8834829999 0.00421014103699 
20.6573865779 0.00425329757843 
21.4614119786 0.00429096246972 
22.2967316014 0.00432306339808 
23.164563478 0.00434973129044 
24.0661730481 0.0043712660867 
25.0028750048 0.00438809574142 
25.9760352115 0.00440073348766 
26.9870726939 0.00440973766698 
28.0374617087 0.00441567722812 
29.1287338936 0.00441910464232 
30.2624805004 0.00442053673594 
31.4403547159 0.0044204429654 
32.6640740718 0.00441924001904 
33.9354229495 0.00441729131229 
35.2562551822 0.00441490988717 
36.6284967574 0.00441236335639 
38.0541486263 0.00440987977063 
39.5352896207 0.0044076535704 
41.0740794844 0.00440585106461 
42.672762023 0.00440461512572 
44.333668375 0.0044040689888 
46.0592204115 0.00440431918455 
47.8519342674 0.00440545772475 
49.7144240105 0.0044075637017 
51.6494054533 0.0044107044694 
53.6597001126 0.00441493655525 
55.7482393245 0.00442030641708 
57.9180685181 0.00442685111975 
60.1723516564 0.00443459896655 
62.5143758504 0.00444357008689 
64.9475561514 0.00445377695814 
67.4754405311 0.00446522482611 
70.1017150554 0.0044779119865 
72.8302092588 0.00449182989772 
75.6649017286 0.00450696311161 
78.6099259068 0.00452328903098 
81.6695761164 0.00454077752802 
84.8483138241 0.00455939048303 
88.1507741456 0.00457908132552 
91.5817726039 0.00459979467588 
95.1463121517 0.00462146619444 
98.8495904663 0.00464402274217 
102.697007528 0.0046673829439 
106.694173497 0.00469145822024 
110.846916888 0.00471615431841 
115.161293076 0.00474137332945 
119.643593122 0.00476701613068 
124.300352947 0.00479298514478 
129.138362862 0.00481918726358 
134.164677471 0.00484553675213 
139.386625957 0.00487195793077 
144.811822767 0.00489838743286 
150.448178721 0.00492477585584 
156.303912539 0.0049510886607 
162.387562832 0.00497730622899 
168.708000549 0.0050034230497 
175.274441915 0.0050294460758 
182.096461867 0.0050553923551 
189.184008017 0.00508128609487 
196.547415158 0.00510715536116 
204.197420333 0.00513302863669 
212.145178491 0.00515893146624 
220.402278754 0.00518488340486 
228.980761313 0.00521089545477 
237.893134989 0.00523696813548 
247.15239547 0.00526309028154 
256.77204426 0.0052892386085 
266.766108368 0.00531537803458 
277.149160762 0.00534146269609 
287.936341618 0.00536743755369 
299.143380396 0.00539324045474 
310.786618778 0.005418804498 
322.883034496 0.00544406053964 
335.450266086 0.00546893968493 
348.506638613 0.00549337562591 
362.071190387 0.00551730670989 
376.163700725 0.00554067765439 
390.804718797 0.00556344085694 
406.015593581 0.00558555728108 
421.818505003 0.00560699692929 
438.236496273 0.00562773893767 
455.293507487 0.00564777134502 
473.014410535 0.00566709059887 
491.425045371 0.00568570086526 
510.552257688 0.00570361320663 
530.423938068 0.0057208446858 
551.069062644 0.00573741744483 
572.517735361 0.00575335779678 
594.801231863 0.00576869535813 
617.952045107 0.00578346223965 
642.003932735 0.00579769230618 
666.991966303 0.00581142050926 
692.952582421 0.00582468229286 
719.92363588 0.00583751307011 
747.944454855 0.00584994776739 
777.055898247 0.00586202043264 
807.300415266 0.00587376390426 
838.722107327 0.00588520953805 
871.366792357 0.0058963869895 
905.282071607 0.00590732404901 
940.517399057 0.00591804652759 
977.124153535 0.00592857818975 
1015.15571363 0.00593894073004 
1054.66753553 0.0059491537887 
1095.71723388 0.005959235001 
1138.36466582 0.00596920007437 
1182.67201821 0.00597906288607 
1228.70389836 0.00598883559381 
1276.52742824 0.00599852875055 
1326.2123423 0.00600815141352 
1377.83108923 0.00601771123645 
1431.45893752 0.006027214532 
1487.1740853 0.00603666629 
1545.05777427 0.00604607013591 
1605.19440827 0.00605542821341 
1667.67167627 0.00606474097739 
1732.58068025 0.00607400688783 
1800.01606809 0.00608322200423 
1870.07617152 0.0060923794922 
1942.86314956 0.00610146907035 
2018.48313742 0.00611047644279 
2097.04640132 0.00611938277926 
2178.66749926 0.00612816431708 
2263.46544804 0.00613679216225 
2351.56389684 0.00614523236034 
2443.0913075 0.00615344628708 
2538.18114183 0.00616139137723 
2636.97205624 0.00616902217012 
2739.60810394 0.00617629160754 
2846.23894493 0.00618315248182 
2957.02006428 0.00618955890582 
3072.11299886 0.0061954676692 
3191.68557284 0.0062008393596 
3315.91214244 0.00620563916326 
3444.97385017 0.00620983731334 
3579.05888894 0.00621340921762 
3718.3627765 0.00621633536037 
3863.08864053 0.00621860112571 
4013.44751484 0.00622019672135 
4169.65864707 0.00622111738596 
4331.9498184 0.00622136403625 
4500.5576757 0.006220944453 
4675.7280766 0.00621987502272 
4857.71644798 0.00621818295261 
5046.78815841 0.00621590877273 
5243.21890515 0.00621310884451 
5447.2951161 0.00620985752384 
5659.31436751 0.00620624859319 
5879.58581785 0.00620239559079 
6108.43065866 0.006198430731 
6346.18258285 0.0061945022243 
6593.18827133 0.00619076995906 
6849.80789848 0.00618739967915 
7116.41565737 0.00618455596174 
7393.40030539 0.00618239444164 
7681.16573111 0.00618105382448 
7980.13154323 0.00618064826708 
8290.73368243 0.00618126067705 
8613.42505704 0.00618293740176 
8948.67620348 0.00618568465293 
9296.97597232 0.00618946686702 
9658.83224116 0.0061942070507 
10034.7726552 0.00619978902274 
10425.3453965 0.00620606134812 
10831.1199836 0.00621284267429 
11252.6881017 0.00621992812315 
11690.6644656 0.0062270963636 
12145.6877157 0.00623411698586 
12618.42135 0.00624075781692 
13109.5546908 0.00624679185443 
13619.8038902 0.00625200355325 
14149.9129743 0.00625619427204 
14700.6549284 0.00625918677284 
15272.8328234 0.00626082875688 
15867.2809877 0.00626099550592 
16484.8662231 0.0062595917682 
17126.4890692 0.00625655307146 
17793.0851163 0.00625184665532 
18485.6263696 0.00624547218938 
19205.1226666 0.00623746238591 
19952.6231497 0.00622788353741 
