10.0 0.0272115480713 
10.7977516233 0.0287997681151 
11.6591440118 0.0305997978418 
12.5892541179 0.0326657748649 
13.5935639088 0.0350473746285 
14.6779926762 0.0377835808576 
15.8489319246 0.0408970315259 
17.1132830416 0.0443899010317 
18.4784979742 0.0482426110378 
19.9526231497 0.0524165275725 
21.5443469003 0.0568608349229 
23.2630506715 0.0615221919085 
25.1188643151 0.0663544498829 
27.1227257933 0.0713255989206 
29.2864456463 0.076420392626 
31.6227766017 0.0816389702926 
34.1454887383 0.0869931288336 
36.8694506452 0.092502138404 
39.8107170553 0.098189375521 
42.9866234708 0.104080172176 
46.4158883361 0.110200632997 
50.1187233627 0.116576911679 
54.1169526546 0.123234467376 
58.4341413374 0.130196970525 
63.095734448 0.137484684755 
68.1292069058 0.145112309942 
73.564225446 0.153086483591 
79.4328234724 0.161403426677 
85.7695898591 0.170047499666 
92.6118728129 0.178991493011 
100.0 0.188199063372 
107.977516233 0.197628737015 
116.591440118 0.207237577488 
125.892541179 0.216981601635 
135.935639088 0.226810144021 
146.779926762 0.236653135309 
158.489319246 0.246403486049 
171.132830416 0.255900478406 
184.784979742 0.264922741833 
199.526231497 0.273199310401 
215.443469003 0.280443080233 
232.630506715 0.286402798577 
251.188643151 0.290920296815 
271.227257933 0.293974230174 
292.864456463 0.295694609431 
316.227766017 0.296343494412 
341.454887383 0.296270264977 
368.694506452 0.29585757819 
398.107170553 0.295473480102 
429.866234708 0.295438735729 
464.158883361 0.296011090014 
501.187233627 0.297383239588 
541.169526546 0.299689513037 
584.341413374 0.30301668024 
630.95734448 0.307415657653 
681.292069058 0.312912260982 
735.64225446 0.319516196421 
794.328234724 0.327228123995 
857.695898591 0.33604495889 
926.118728129 0.345963710344 
1000.0 0.356984180146 
1079.77516233 0.369110810112 
1165.91440118 0.382353911593 
1258.92541179 0.396730447022 
1359.35639088 0.412264472129 
1467.79926762 0.428987291437 
1584.89319246 0.446937328597 
1711.32830416 0.466159665462 
1847.84979742 0.486705164444 
1995.26231497 0.508629080102 
2154.43469003 0.531989129214 
2326.30506715 0.556843159815 
2511.88643151 0.583246821369 
2712.27257933 0.611251886765 
2928.64456463 0.640905954191 
3162.27766017 0.672254056203 
3414.54887383 0.7053422785 
3686.94506452 0.740223065235 
3981.07170553 0.776961714424 
4298.66234708 0.815643722088 
4641.58883361 0.856382902773 
5011.87233627 0.899330187073 
5411.69526546 0.94468233645 
5843.41413374 0.992688548055 
6309.5734448 1.04365158684 
6812.92069058 1.09791963002 
7356.4225446 1.15586640436 
7943.28234724 1.21786081528 
8576.95898591 1.28423237016 
9261.18728129 1.35524336972 
10000.0 1.43108055266 
10797.7516233 1.5118755485 
11659.1440118 1.59775464016 
12589.2541179 1.68890582042 
13593.5639088 1.78563893693 
14677.9926762 1.88840748275 
15848.9319246 1.99776133972 
17113.2830416 2.11420857837 
18478.4979742 2.23797921929 
19952.6231497 2.36870330559 
