 0.98  25
  8.8  1.76285320666  984824915.365  0.399991521981  -6.83255660708  8.77150193463  
  8.81125  1.58881752999  984824915.365  0.399991521981  -7.00659228375  8.77150193463  
  8.8225  1.4099245363  984824915.365  0.399991521981  -7.18548527744  8.77150193463  
  8.83375  1.22613781255  984824915.365  0.399991521981  -7.36927200119  8.77150193463  
  8.845  1.03761820435  984824915.365  0.399991521981  -7.55779160939  8.77150193463  
  8.85625  0.844211613324  984824915.365  0.399991521981  -7.75119820042  8.77150193463  
  8.8675  0.645772155136  984824915.365  0.399991521981  -7.9496376586  8.77150193463  
  8.87875  0.442161519888  984824915.365  0.399991521981  -8.15324829385  8.77150193463  
  8.89  0.233248396963  984824915.365  0.399991521981  -8.36216141678  8.77150193463  
  8.90125  0.0189079567273  984824915.365  0.399991521981  -8.57650185701  8.77150193463  
  8.9125  -0.201001628907  984824915.365  0.399991521981  -8.79641144265  8.77150193463  
  8.92375  -0.427133916201  984824915.365  0.399991521981  -9.02254372994  8.77150193463  
  8.935  -0.659136775399  984824915.365  0.399991521981  -9.25454658914  8.77150193463  
  8.94625  -0.897108846202  984824915.365  0.399991521981  -9.49251865994  8.77150193463  
  8.9575  -1.14114452799  984824915.365  0.399991521981  -9.73655434173  8.77150193463  
  8.96875  -1.39133424796  984824915.365  0.399991521981  -9.9867440617  8.77150193463  
  8.98  -1.64872908539  984824915.275  0.399991521981  -10.2441388991  8.77150193463  
  8.99125  -1.91270634122  984824915.275  0.399991521981  -10.5081161549  8.77150193463  
  9.0025  -2.18316425019  984824915.275  0.399991521981  -10.7785740639  8.77150193463  
  9.01375  -2.46130087565  984824915.275  0.399991521981  -11.0567106893  8.77150193463  
  9.025  -2.74645217131  984824915.275  0.399991521981  -11.341861985  8.77150193463  
  9.03625  0.0  0.0  0.0  0.0  0.0  
  9.0475  0.0  0.0  0.0  0.0  0.0  
  9.05875  0.0  0.0  0.0  0.0  0.0  
  9.07  0.0  0.0  0.0  0.0  0.0  
 1.06  25
  8.8  1.96287498325  1184341785.4  0.399882834264  -6.71253483049  8.8515153962  
  8.81125  1.78883938162  1184341785.4  0.399882834264  -6.88657043212  8.8515153962  
  8.8225  1.60994582923  1184341785.4  0.399882834264  -7.06546398451  8.8515153962  
  8.83375  1.42615916243  1184341785.4  0.399882834264  -7.24925065131  8.8515153962  
  8.845  1.23763959403  1184341785.4  0.399882834264  -7.43777021971  8.8515153962  
  8.85625  1.04423302667  1184341785.4  0.399882834264  -7.63117678707  8.8515153962  
  8.8675  0.84579357692  1184341785.4  0.399882834264  -7.82961623682  8.8515153962  
  8.87875  0.642182935515  1184341785.4  0.399882834264  -8.03322687823  8.8515153962  
  8.89  0.433269792734  1184341785.4  0.399882834264  -8.24214002101  8.8515153962  
  8.90125  0.218929319435  1184341785.4  0.399882834264  -8.45648049431  8.8515153962  
  8.9125  -0.000979810338719  1184341785.4  0.399882834264  -8.67638962408  8.8515153962  
  8.92375  -0.227112166702  1184341785.4  0.399882834264  -8.90252198044  8.8515153962  
  8.935  -0.459115105578  1184341785.4  0.399882834264  -9.13452491932  8.8515153962  
  8.94625  -0.697087266505  1184341785.4  0.399882834264  -9.37249708025  8.8515153962  
  8.9575  -0.941123048562  1184341785.4  0.399882834264  -9.6165328623  8.8515153962  
  8.96875  -1.19131287828  1184341785.4  0.399882834264  -9.86672269202  8.8515153962  
  8.98  -1.44870740351  1184341785.29  0.399882834264  -10.1241172172  8.8515153962  
  8.99125  -1.71268479532  1184341785.29  0.399882834264  -10.388094609  8.8515153962  
  9.0025  -1.98314284839  1184341785.29  0.399882834264  -10.6585526621  8.8515153962  
  9.01375  -2.26127922669  1184341785.29  0.399882834264  -10.9366890404  8.8515153962  
  9.025  -2.54643068911  1184341785.29  0.399882834264  -11.2218405028  8.8515153962  
  9.03625  -2.83902064052  1184341785.29  0.399882834264  -11.5144304542  8.8515153962  
  9.0475  -2.86120086083  1184341785.29  0.399882834264  -11.5366106745  8.8515153962  
  9.05875  0.0  0.0  0.0  0.0  0.0  
  9.07  0.0  0.0  0.0  0.0  0.0  
 1.14  25
  8.8  2.16308731827  1426958301.39  0.399023553036  -6.59232249547  8.93164487974  
  8.81125  1.98905244847  1426958301.39  0.399023553036  -6.76635736527  8.93164487974  
  8.8225  1.81015344717  1426958301.39  0.399023553036  -6.94525636657  8.93164487974  
  8.83375  1.62636733586  1426958301.39  0.399023553036  -7.12904247788  8.93164487974  
  8.845  1.43784815634  1426958301.39  0.399023553036  -7.3175616574  8.93164487974  
  8.85625  1.24444182013  1426958301.39  0.399023553036  -7.51096799361  8.93164487974  
  8.8675  1.04600245209  1426958301.39  0.399023553036  -7.70940736165  8.93164487974  
  8.87875  0.842391750965  1426958301.39  0.399023553036  -7.91301806277  8.93164487974  
  8.89  0.633478413702  1426958301.39  0.399023553036  -8.12193140004  8.93164487974  
  8.90125  0.419137617815  1426958301.39  0.399023553036  -8.33627219592  8.93164487974  
  8.9125  0.199232931189  1426958301.39  0.399023553036  -8.55617688255  8.93164487974  
  8.92375  -0.0269000969123  1426958301.39  0.399023553036  -8.78230991065  8.93164487974  
  8.935  -0.258903813524  1426958301.39  0.399023553036  -9.01431362726  8.93164487974  
  8.94625  -0.49687685376  1426958301.39  0.399023553036  -9.2522866675  8.93164487974  
  8.9575  -0.740913612309  1426958301.39  0.399023553036  -9.49632342605  8.93164487974  
  8.96875  -0.99110451158  1426958301.39  0.399023553036  -9.74651432532  8.93164487974  
  8.98  -1.24849599156  1426958301.35  0.399023553036  -10.0039058053  8.93164487974  
  8.99125  -1.5124747105  1426958301.25  0.399023553036  -10.2678845242  8.93164487974  
  9.0025  -1.78293416975  1426958301.25  0.399023553036  -10.5383439834  8.93164487974  
  9.01375  -2.06106813766  1426958301.25  0.399023553036  -10.8164779514  8.93164487974  
  9.025  -2.34622122674  1426958301.25  0.399023553036  -11.1016310404  8.93164487974  
  9.03625  -2.63880918483  1426958301.25  0.399023553036  -11.3942189985  8.93164487974  
  9.0475  -2.9392510796  1426958301.25  0.399023553036  -11.6946608933  8.93164487974  
  9.05875  -2.77686731164  1426958301.25  0.399023553036  -11.5322771253  8.93164487974  
  9.07  0.0  0.0  0.0  0.0  0.0  
 1.22  25
  8.8  2.36443038614  1734384968.51  0.394697442918  -6.4709794276  9.01244964387  
  8.81125  2.1904001404  1734384968.51  0.394697442918  -6.64500967334  9.01244964387  
  8.8225  2.01146667845  1734384968.51  0.394697442918  -6.82394313529  9.01244964387  
  8.83375  1.82768407559  1734384968.51  0.394697442918  -7.00772573815  9.01244964387  
  8.845  1.639167351  1734384968.51  0.394697442918  -7.19624246274  9.01244964387  
  8.85625  1.44576247293  1734384968.51  0.394697442918  -7.38964734081  9.01244964387  
  8.8675  1.24732361882  1734384968.51  0.394697442918  -7.58808619492  9.01244964387  
  8.87875  1.04371253562  1734384968.51  0.394697442918  -7.79169727812  9.01244964387  
  8.89  0.834797965154  1734384968.51  0.394697442918  -8.00061184859  9.01244964387  
  8.90125  0.620455126307  1734384968.51  0.394697442918  -8.21495468743  9.01244964387  
  8.9125  0.400565247607  1734384968.51  0.394697442918  -8.43484456613  9.01244964387  
  8.92375  0.174441256688  1734384968.51  0.394697442918  -8.66096855705  9.01244964387  
  8.935  -0.0575673821392  1734384968.51  0.394697442918  -8.89297719588  9.01244964387  
  8.94625  -0.29554598594  1734384968.51  0.394697442918  -9.13095579968  9.01244964387  
  8.9575  -0.539588922288  1734384968.51  0.394697442918  -9.37499873603  9.01244964387  
  8.96875  -0.789786588398  1734384968.51  0.394697442918  -9.62519640214  9.01244964387  
  8.98  -1.04715881401  1734384968.47  0.394697442918  -9.88256862774  9.01244964387  
  8.99125  -1.31114592735  1734384968.35  0.394697442918  -10.146555741  9.01244964387  
  9.0025  -1.58161428203  1734384968.35  0.394697442918  -10.4170240957  9.01244964387  
  9.01375  -1.8597330096  1734384968.35  0.394697442918  -10.6951428233  9.01244964387  
  9.025  -2.14489638729  1734384968.35  0.394697442918  -10.980306201  9.01244964387  
  9.03625  -2.43747174273  1734384968.35  0.394697442918  -11.2728815564  9.01244964387  
  9.0475  -2.73792517564  1734384968.35  0.394697442918  -11.5733349893  9.01244964387  
  9.05875  -3.0  1734384968.35  0.394697442918  -11.8354098137  9.01244964387  
  9.07  -2.69253376246  1734384968.35  0.394697442918  -11.5279435762  9.01244964387  
 1.3  25
  8.8  2.57033384874  2164384944.3  0.380255329335  -6.345075965  9.09589787681  
  8.81125  2.39632382651  2164384944.3  0.380255329335  -6.51908598723  9.09589787681  
  8.8225  2.2172389729  2164384944.3  0.380255329335  -6.69817084084  9.09589787681  
  8.83375  2.03347169852  2164384944.3  0.380255329335  -6.88193811522  9.09589787681  
  8.845  1.8449656781  2164384944.3  0.380255329335  -7.07044413564  9.09589787681  
  8.85625  1.65156712977  2164384944.3  0.380255329335  -7.26384268397  9.09589787681  
  8.8675  1.45313046081  2164384944.3  0.380255329335  -7.46227935293  9.09589787681  
  8.87875  1.24951763035  2164384944.3  0.380255329335  -7.66589218339  9.09589787681  
  8.89  1.04059757663  2164384944.3  0.380255329335  -7.87481223711  9.09589787681  
  8.90125  0.826245700904  2164384944.3  0.380255329335  -8.08916411284  9.09589787681  
  8.9125  0.60634340014  2164384944.3  0.380255329335  -8.3090664136  9.09589787681  
  8.92375  0.380336416853  2164384944.3  0.380255329335  -8.53507339689  9.09589787681  
  8.935  0.148306102804  2164384944.3  0.380255329335  -8.76710371094  9.09589787681  
  8.94625  -0.0896969925003  2164384944.3  0.380255329335  -9.00510680624  9.09589787681  
  8.9575  -0.33376711717  2164384944.3  0.380255329335  -9.24917693091  9.09589787681  
  8.96875  -0.583994555778  2164384944.3  0.380255329335  -9.49940436952  9.09589787681  
  8.98  -0.841282278757  2164384944.3  0.380255329335  -9.7566920925  9.09589787681  
  8.99125  -1.10530631078  2164384944.19  0.380255329335  -10.0207161245  9.09589787681  
  9.0025  -1.3758137829  2164384944.1  0.380255329335  -10.2912235966  9.09589787681  
  9.01375  -1.65386563005  2164384944.1  0.380255329335  -10.5692754438  9.09589787681  
  9.025  -1.93907424286  2164384944.1  0.380255329335  -10.8544840566  9.09589787681  
  9.03625  -2.23159429789  2164384944.1  0.380255329335  -11.1470041116  9.09589787681  
  9.0475  -2.53209845097  2164384944.1  0.380255329335  -11.4475082647  9.09589787681  
  9.05875  -2.84021352177  2164384944.1  0.380255329335  -11.7556233355  9.09589787681  
  9.07  -3.0  2164384944.1  0.380255329335  -11.9154098137  9.09589787681  
 1.38  25
  8.8  2.78939511811  2842091617.44  0.348154281234  -6.20601469563  9.18656118474  
  8.81125  2.61500352009  2842091617.44  0.348154281234  -6.38040629365  9.18656118474  
  8.8225  2.43587649129  2842091617.44  0.348154281234  -6.55953332245  9.18656118474  
  8.83375  2.25215767598  2842091617.44  0.348154281234  -6.74325213776  9.18656118474  
  8.845  2.06368526265  2842091617.44  0.348154281234  -6.93172455109  9.18656118474  
  8.85625  1.87030626982  2842091617.44  0.348154281234  -7.12510354392  9.18656118474  
  8.8675  1.67187584229  2842091617.44  0.348154281234  -7.32353397145  9.18656118474  
  8.87875  1.46825662009  2842091617.44  0.348154281234  -7.52715319365  9.18656118474  
  8.89  1.25931817142  2842091617.44  0.348154281234  -7.73609164232  9.18656118474  
  8.90125  1.04493648114  2842091617.44  0.348154281234  -7.9504733326  9.18656118474  
  8.9125  0.824993489095  2842091617.44  0.348154281234  -8.17041632464  9.18656118474  
  8.92375  0.599362393213  2842091617.44  0.348154281234  -8.39604742053  9.18656118474  
  8.935  0.367261649343  2842091617.44  0.348154281234  -8.6281481644  9.18656118474  
  8.94625  0.129179071399  2842091617.44  0.348154281234  -8.86623074234  9.18656118474  
  8.9575  -0.1149792041  2842091617.44  0.348154281234  -9.11038901784  9.18656118474  
  8.96875  -0.365303101525  2842091617.44  0.348154281234  -9.36071291527  9.18656118474  
  8.98  -0.622319420472  2842091617.44  0.348154281234  -9.61772923421  9.18656118474  
  8.99125  -0.886462885322  2842091617.44  0.348154281234  -9.88187269906  9.18656118474  
  9.0025  -1.15709686062  2842091617.24  0.348154281234  -10.1525066743  9.18656118474  
  9.01375  -1.43493396297  2842091617.18  0.348154281234  -10.4303437767  9.18656118474  
  9.025  -1.72028874995  2842091617.18  0.348154281234  -10.7156985637  9.18656118474  
  9.03625  -2.01263129939  2842091617.18  0.348154281234  -11.0080411131  9.18656118474  
  9.0475  -2.31329926689  2842091617.18  0.348154281234  -11.3087090806  9.18656118474  
  9.05875  -2.62127032228  2842091617.18  0.348154281234  -11.616680136  9.18656118474  
  9.07  -2.93778422561  2842091617.18  0.348154281234  -11.9331940393  9.18656118474  
 1.46  25
  8.8  3.03541986009  3949805780.69  0.301185508948  -6.03998995365  9.29094007159  
  8.81125  2.86090519335  3949805780.69  0.301185508948  -6.21450462039  9.29094007159  
  8.8225  2.68192955977  3949805780.69  0.301185508948  -6.39348025397  9.29094007159  
  8.83375  2.49832383322  3949805780.69  0.301185508948  -6.57708598052  9.29094007159  
  8.845  2.30992831457  3949805780.69  0.301185508948  -6.76548149917  9.29094007159  
  8.85625  2.11659196455  3949805780.69  0.301185508948  -6.95881784919  9.29094007159  
  8.8675  1.91817171776  3949805780.69  0.301185508948  -7.15723809598  9.29094007159  
  8.87875  1.71453186752  3949805780.69  0.301185508948  -7.36087794622  9.29094007159  
  8.89  1.50554351189  3949805780.69  0.301185508948  -7.56986630185  9.29094007159  
  8.90125  1.29108405472  3949805780.69  0.301185508948  -7.78432575902  9.29094007159  
  8.9125  1.07103675371  3949805780.69  0.301185508948  -8.00437306003  9.29094007159  
  8.92375  0.845290310741  3949805780.69  0.301185508948  -8.230119503  9.29094007159  
  8.935  0.6137384999  3949805780.69  0.301185508948  -8.46167131384  9.29094007159  
  8.94625  0.375762953133  3949805780.69  0.301185508948  -8.69964686061  9.29094007159  
  8.9575  0.131384500295  3949805780.69  0.301185508948  -8.94402531344  9.29094007159  
  8.96875  -0.119179867409  3949805780.69  0.301185508948  -9.19458968115  9.29094007159  
  8.98  -0.376015554717  3949805780.69  0.301185508948  -9.45142536846  9.29094007159  
  8.99125  -0.639974892213  3949805780.69  0.301185508948  -9.71538470595  9.29094007159  
  9.0025  -0.910922747343  3949805780.49  0.301185508948  -9.98633256106  9.29094007159  
  9.01375  -1.1884512503  3949805780.33  0.301185508948  -10.263861064  9.29094007159  
  9.025  -1.4739537084  3949805780.33  0.301185508948  -10.5493635221  9.29094007159  
  9.03625  -1.7664540486  3949805780.33  0.301185508948  -10.8418638623  9.29094007159  
  9.0475  -2.06693747495  3949805780.33  0.301185508948  -11.1423472886  9.29094007159  
  9.05875  -2.37497639309  3949805780.33  0.301185508948  -11.4503862068  9.29094007159  
  9.07  -2.69151649646  3949805780.33  0.301185508948  -11.7669263102  9.29094007159  
 1.54  25
  8.8  3.32408582588  5594905676.58  0.255633075195  -5.83132398786  9.4124045634  
  8.81125  3.14991291617  5594905676.58  0.255633075195  -6.00549689757  9.4124045634  
  8.8225  2.97120261403  5594905676.58  0.255633075195  -6.18420719971  9.4124045634  
  8.83375  2.78779008612  5594905676.58  0.255633075195  -6.36761972762  9.4124045634  
  8.845  2.59951957407  5594905676.58  0.255633075195  -6.55589023967  9.4124045634  
  8.85625  2.4060807953  5594905676.58  0.255633075195  -6.74932901844  9.4124045634  
  8.8675  2.20762376804  5594905676.58  0.255633075195  -6.9477860457  9.4124045634  
  8.87875  2.00402163846  5594905676.58  0.255633075195  -7.15138817528  9.4124045634  
  8.89  1.79502134494  5594905676.58  0.255633075195  -7.3603884688  9.4124045634  
  8.90125  1.58039509998  5594905676.58  0.255633075195  -7.57501471376  9.4124045634  
  8.9125  1.36013086986  5594905676.58  0.255633075195  -7.79527894388  9.4124045634  
  8.92375  1.13411965584  5594905676.58  0.255633075195  -8.0212901579  9.4124045634  
  8.935  0.902257376848  5594905676.58  0.255633075195  -8.25315243689  9.4124045634  
  8.94625  0.66444454359  5594905676.58  0.255633075195  -8.49096527015  9.4124045634  
  8.9575  0.420585961409  5594905676.58  0.255633075195  -8.73482385233  9.4124045634  
  8.96875  0.16998202234  5594905676.58  0.255633075195  -8.9854277914  9.4124045634  
  8.98  -0.0873649889444  5594905676.58  0.255633075195  -9.24277480268  9.4124045634  
  8.99125  -0.351100708892  5594905676.58  0.255633075195  -9.50651052263  9.4124045634  
  9.0025  -0.621709553655  5594905676.58  0.255633075195  -9.7771193674  9.4124045634  
  9.01375  -0.89988309142  5594905676.32  0.255633075195  -10.0552929051  9.4124045634  
  9.025  -1.18473779953  5594905676.07  0.255633075195  -10.3401476132  9.4124045634  
  9.03625  -1.47769525247  5594905676.07  0.255633075195  -10.6331050662  9.4124045634  
  9.0475  -1.77780224815  5594905676.07  0.255633075195  -10.9332120619  9.4124045634  
  9.05875  -2.08627261362  5594905676.07  0.255633075195  -11.2416824273  9.4124045634  
  9.07  -2.40220603069  5594905676.07  0.255633075195  -11.5576158444  9.4124045634  
 1.62  25
  8.8  3.6587252281  7586419715.67  0.22665898913  -5.57668458564  9.54498889451  
  8.81125  3.48430424642  7586419715.67  0.22665898913  -5.75110556732  9.54498889451  
  8.8225  3.30540191542  7586419715.67  0.22665898913  -5.93000789832  9.54498889451  
  8.83375  3.12185025905  7586419715.67  0.22665898913  -6.11355955469  9.54498889451  
  8.845  2.93349063354  7586419715.67  0.22665898913  -6.3019191802  9.54498889451  
  8.85625  2.74017297056  7586419715.67  0.22665898913  -6.49523684318  9.54498889451  
  8.8675  2.54175509975  7586419715.67  0.22665898913  -6.69365471399  9.54498889451  
  8.87875  2.33810214114  7586419715.67  0.22665898913  -6.8973076726  9.54498889451  
  8.89  2.12908595874  7586419715.67  0.22665898913  -7.106323855  9.54498889451  
  8.90125  1.91458466669  7586419715.67  0.22665898913  -7.32082514705  9.54498889451  
  8.9125  1.69448218248  7586419715.67  0.22665898913  -7.54092763126  9.54498889451  
  8.92375  1.46866782238  7586419715.67  0.22665898913  -7.76674199136  9.54498889451  
  8.935  1.23703593355  7586419715.67  0.22665898913  -7.99837388019  9.54498889451  
  8.94625  0.999474376589  7586419715.67  0.22665898913  -8.23593543715  9.54498889451  
  8.9575  0.754982437881  7586419715.67  0.22665898913  -8.48042737586  9.54498889451  
  8.96875  0.504294367956  7586419715.67  0.22665898913  -8.73111544578  9.54498889451  
  8.98  0.24732517534  7586419715.67  0.22665898913  -8.9880846384  9.54498889451  
  8.99125  -0.0163205321935  7586419715.67  0.22665898913  -9.25173034593  9.54498889451  
  9.0025  -0.287429059951  7586419715.67  0.22665898913  -9.52283887369  9.54498889451  
  9.01375  -0.565126613483  7586419715.67  0.22665898913  -9.80053642722  9.54498889451  
  9.025  -0.850382575752  7586419714.97  0.22665898913  -10.0857923895  9.54498889451  
  9.03625  -1.14307531954  7586419714.97  0.22665898913  -10.3784851332  9.54498889451  
  9.0475  -1.44335651764  7586419714.97  0.22665898913  -10.6787663313  9.54498889451  
  9.05875  -1.75160883546  7586419714.97  0.22665898913  -10.9870186492  9.54498889451  
  9.07  -2.06798661942  7586419714.97  0.22665898913  -11.3033964331  9.54498889451  
 1.7  25
  8.8  4.02092041406  9437595259.4  0.219052626817  -5.29448939968  9.67519092217  
  8.81125  3.84634603773  9437595259.4  0.219052626817  -5.46906377601  9.67519092217  
  8.8225  3.6673234845  9437595259.4  0.219052626817  -5.64808632924  9.67519092217  
  8.83375  3.48368290461  9437595259.4  0.219052626817  -5.83172690913  9.67519092217  
  8.845  3.29526393491  9437595259.4  0.219052626817  -6.02014587883  9.67519092217  
  8.85625  3.10191492565  9437595259.4  0.219052626817  -6.21349488809  9.67519092217  
  8.8675  2.90349224871  9437595259.4  0.219052626817  -6.41191756503  9.67519092217  
  8.87875  2.69985967747  9437595259.4  0.219052626817  -6.61555013627  9.67519092217  
  8.89  2.49088782888  9437595259.4  0.219052626817  -6.82452198486  9.67519092217  
  8.90125  2.27645366035  9437595259.4  0.219052626817  -7.03895615339  9.67519092217  
  8.9125  2.05644001485  9437595259.4  0.219052626817  -7.25896979889  9.67519092217  
  8.92375  1.83073520839  9437595259.4  0.219052626817  -7.48467460535  9.67519092217  
  8.935  1.59921553371  9437595259.4  0.219052626817  -7.71619428003  9.67519092217  
  8.94625  1.36099746268  9437595259.4  0.219052626817  -7.95441235106  9.67519092217  
  8.9575  1.1166892001  9437595259.4  0.219052626817  -8.19872061364  9.67519092217  
  8.96875  0.866201422668  9437595259.4  0.219052626817  -8.44920839107  9.67519092217  
  8.98  0.609448466498  9437595259.4  0.219052626817  -8.70596134724  9.67519092217  
  8.99125  0.345292353241  9437595259.4  0.219052626817  -8.9701174605  9.67519092217  
  9.0025  0.0744442446501  9437595259.4  0.219052626817  -9.24096556909  9.67519092217  
  9.01375  -0.203034623167  9437595259.4  0.219052626817  -9.51844443691  9.67519092217  
  9.025  -0.488636457879  9437595259.4  0.219052626817  -9.80404627162  9.67519092217  
  9.03625  -0.781017182757  9437595258.61  0.219052626817  -10.0964269965  9.67519092217  
  9.0475  -1.08162762792  9437595258.53  0.219052626817  -10.3970374416  9.67519092217  
  9.05875  -1.38953378652  9437595258.53  0.219052626817  -10.7049436002  9.67519092217  
  9.07  -1.7061759268  9437595258.53  0.219052626817  -11.0215857405  9.67519092217  
 1.78  25
  8.8  4.37932535215  10800333779.4  0.230129681485  -5.01608446159  9.79149905141  
  8.81125  4.20519135305  10800333779.4  0.230129681485  -5.19021846069  9.79149905141  
  8.8225  4.02603063001  10800333779.4  0.230129681485  -5.36937918373  9.79149905141  
  8.83375  3.84228641053  10800333779.4  0.230129681485  -5.55312340321  9.79149905141  
  8.845  3.65379642422  10800333779.4  0.230129681485  -5.74161338952  9.79149905141  
  8.85625  3.46040726772  10800333779.4  0.230129681485  -5.93500254602  9.79149905141  
  8.8675  3.26197369721  10800333779.4  0.230129681485  -6.13343611653  9.79149905141  
  8.87875  3.05835799399  10800333779.4  0.230129681485  -6.33705181975  9.79149905141  
  8.89  2.84942939418  10800333779.4  0.230129681485  -6.54598041956  9.79149905141  
  8.90125  2.6350635749  10800333779.4  0.230129681485  -6.76034623884  9.79149905141  
  8.9125  2.41514219002  10800333779.4  0.230129681485  -6.98026762372  9.79149905141  
  8.92375  2.18931288102  10800333779.4  0.230129681485  -7.20609693272  9.79149905141  
  8.935  1.95724942829  10800333779.4  0.230129681485  -7.43816038545  9.79149905141  
  8.94625  1.71920891631  10800333779.4  0.230129681485  -7.67620089743  9.79149905141  
  8.9575  1.47509727872  10800333779.4  0.230129681485  -7.92031253502  9.79149905141  
  8.96875  1.22482440102  10800333779.4  0.230129681485  -8.17058541272  9.79149905141  
  8.98  0.967664977051  10800333779.4  0.230129681485  -8.42774483669  9.79149905141  
  8.99125  0.703584649971  10800333779.4  0.230129681485  -8.69182516377  9.79149905141  
  9.0025  0.433017542127  10800333779.4  0.230129681485  -8.96239227161  9.79149905141  
  9.01375  0.155067221539  10800333779.4  0.230129681485  -9.2403425922  9.79149905141  
  9.025  -0.130210321728  10800333779.4  0.230129681485  -9.52562013547  9.79149905141  
  9.03625  -0.422646445497  10800333779.4  0.230129681485  -9.81805625924  9.79149905141  
  9.0475  -0.72322786349  10800333778.8  0.230129681485  -10.1186376772  9.79149905141  
  9.05875  -1.03127482576  10800333778.4  0.230129681485  -10.4266846395  9.79149905141  
  9.07  -1.34769378725  10800333778.4  0.230129681485  -10.743103601  9.79149905141  
 1.86  25
  8.8  4.71106622535  11804352690.2  0.253143999211  -4.76434358839  9.89036961469  
  8.81125  4.5368455938  11804352690.2  0.253143999211  -4.93856421994  9.89036961469  
  8.8225  4.35809860441  11804352690.2  0.253143999211  -5.11731120933  9.89036961469  
  8.83375  4.17465980726  11804352690.2  0.253143999211  -5.30075000648  9.89036961469  
  8.845  3.98637287766  11804352690.2  0.253143999211  -5.48903693608  9.89036961469  
  8.85625  3.79308988157  11804352690.2  0.253143999211  -5.68231993217  9.89036961469  
  8.8675  3.59467061729  11804352690.2  0.253143999211  -5.88073919645  9.89036961469  
  8.87875  3.39098202457  11804352690.2  0.253143999211  -6.08442778917  9.89036961469  
  8.89  3.18189765219  11804352690.2  0.253143999211  -6.29351216155  9.89036961469  
  8.90125  2.96729717821  11804352690.2  0.253143999211  -6.50811263553  9.89036961469  
  8.9125  2.74706597402  11804352690.2  0.253143999211  -6.72834383972  9.89036961469  
  8.92375  2.52109470945  11804352690.2  0.253143999211  -6.95431510429  9.89036961469  
  8.935  2.28927899453  11804352690.2  0.253143999211  -7.18613081921  9.89036961469  
  8.94625  2.05151905102  11804352690.2  0.253143999211  -7.42389076272  9.89036961469  
  8.9575  1.80771941401  11804352690.2  0.253143999211  -7.66769039973  9.89036961469  
  8.96875  1.55691419938  11804352690.2  0.253143999211  -7.91849561436  9.89036961469  
  8.98  1.29964284091  11804352690.2  0.253143999211  -8.17576697283  9.89036961469  
  8.99125  1.03598790426  11804352690.2  0.253143999211  -8.43942190948  9.89036961469  
  9.0025  0.765218904419  11804352690.2  0.253143999211  -8.71019090932  9.89036961469  
  9.01375  0.487140397861  11804352690.2  0.253143999211  -8.98826941588  9.89036961469  
  9.025  0.202385123644  11804352690.2  0.253143999211  -9.2730246901  9.89036961469  
  9.03625  -0.0906972083077  11804352690.2  0.253143999211  -9.56610702205  9.89036961469  
  9.0475  -0.390692476282  11804352690.2  0.253143999211  -9.86610229002  9.89036961469  
  9.05875  -0.699264387102  11804352689.1  0.253143999211  -10.1746742008  9.89036961469  
  9.07  -1.01528506302  11804352689.1  0.253143999211  -10.4906948767  9.89036961469  
 1.94  25
  8.8  5.01228805352  12866586730.9  0.279219960876  -4.54312176022  9.97463740323  
  8.81125  4.83767760404  12866586730.9  0.279219960876  -4.7177322097  9.97463740323  
  8.8225  4.65862663234  12866586730.9  0.279219960876  -4.8967831814  9.97463740323  
  8.83375  4.47496485492  12866586730.9  0.279219960876  -5.08044495882  9.97463740323  
  8.845  4.28653151084  12866586730.9  0.279219960876  -5.2688783029  9.97463740323  
  8.85625  4.09317458427  12866586730.9  0.279219960876  -5.46223522947  9.97463740323  
  8.8675  3.89475010977  12866586730.9  0.279219960876  -5.66065970397  9.97463740323  
  8.87875  3.69112154922  12866586730.9  0.279219960876  -5.86428826452  9.97463740323  
  8.89  3.48215923142  12866586730.9  0.279219960876  -6.07325058232  9.97463740323  
  8.90125  3.26773984647  12866586730.9  0.279219960876  -6.28766996727  9.97463740323  
  8.9125  3.04774598881  12866586730.9  0.279219960876  -6.50766382493  9.97463740323  
  8.92375  2.82206574334  12866586730.9  0.279219960876  -6.7333440704  9.97463740323  
  8.935  2.59038219557  12866586730.9  0.279219960876  -6.96502761817  9.97463740323  
  8.94625  2.35220176777  12866586730.9  0.279219960876  -7.20320804597  9.97463740323  
  8.9575  2.10793514069  12866586730.9  0.279219960876  -7.44747467305  9.97463740323  
  8.96875  1.8574928253  12866586730.9  0.279219960876  -7.69791698844  9.97463740323  
  8.98  1.6007890026  12866586730.9  0.279219960876  -7.95462081114  9.97463740323  
  8.99125  1.33651513005  12866586730.9  0.279219960876  -8.21889468369  9.97463740323  
  9.0025  1.06572632653  12866586730.9  0.279219960876  -8.48968348721  9.97463740323  
  9.01375  0.788148898048  12866586730.9  0.279219960876  -8.76726091569  9.97463740323  
  9.025  0.502615436517  12866586730.9  0.279219960876  -9.05279437722  9.97463740323  
  9.03625  0.210305892707  12866586730.9  0.279219960876  -9.34510392103  9.97463740323  
  9.0475  -0.0903806164363  12866586730.9  0.279219960876  -9.64579043018  9.97463740323  
  9.05875  -0.398207738126  12866586730.9  0.279219960876  -9.95361755187  9.97463740323  
  9.07  -0.714911013083  12866586729.7  0.279219960876  -10.2703208268  9.97463740323  
 2.02  25
  8.8  5.28727480986  14379924026.6  0.300367695261  -4.34813500388  10.0494570349  
  8.81125  5.11296481286  14379924026.6  0.300367695261  -4.52244500088  10.0494570349  
  8.8225  4.93414878647  14379924026.6  0.300367695261  -4.70126102727  10.0494570349  
  8.83375  4.75066014225  14379924026.6  0.300367695261  -4.88474967149  10.0494570349  
  8.845  4.56234151  14379924026.6  0.300367695261  -5.07306830374  10.0494570349  
  8.85625  4.36904399334  14379924026.6  0.300367695261  -5.2663658204  10.0494570349  
  8.8675  4.17062650248  14379924026.6  0.300367695261  -5.46478331126  10.0494570349  
  8.87875  3.96695515683  14379924026.6  0.300367695261  -5.66845465691  10.0494570349  
  8.89  3.75790274498  14379924026.6  0.300367695261  -5.87750706876  10.0494570349  
  8.90125  3.54334823918  14379924026.6  0.300367695261  -6.09206157456  10.0494570349  
  8.9125  3.32317635514  14379924026.6  0.300367695261  -6.3122334586  10.0494570349  
  8.92375  3.0972771517  14379924026.6  0.300367695261  -6.53813266204  10.0494570349  
  8.935  2.86554566894  14379924026.6  0.300367695261  -6.7698641448  10.0494570349  
  8.94625  2.62788159608  14379924026.6  0.300367695261  -7.00752821766  10.0494570349  
  8.9575  2.38385365227  14379924026.6  0.300367695261  -7.25155616147  10.0494570349  
  8.96875  2.13301305743  14379924026.6  0.300367695261  -7.50239675631  10.0494570349  
  8.98  1.87587944211  14379924026.6  0.300367695261  -7.75953037163  10.0494570349  
  8.99125  1.61237168472  14379924026.6  0.300367695261  -8.02303812902  10.0494570349  
  9.0025  1.34130761309  14379924026.6  0.300367695261  -8.29410220065  10.0494570349  
  9.01375  1.06340248537  14379924026.6  0.300367695261  -8.57200732837  10.0494570349  
  9.025  0.77844481869  14379924026.6  0.300367695261  -8.85696499505  10.0494570349  
  9.03625  0.485516141087  14379924026.6  0.300367695261  -9.14989367265  10.0494570349  
  9.0475  0.185479473963  14379924026.6  0.300367695261  -9.44993033978  10.0494570349  
  9.05875  -0.123034281691  14379924026.6  0.300367695261  -9.75844409543  10.0494570349  
  9.07  -0.439216016867  14379924025.3  0.300367695261  -10.0746258306  10.0494570349  
 2.1  25
  8.8  5.54769230769  16514034919.7  0.3145  -4.16778153846  10.12  
  8.81125  5.37380952381  16511227076.0  0.3145  -4.34159047619  10.12  
  8.8225  5.19512195122  16511355165.4  0.314497560976  -4.52027804878  10.12  
  8.83375  5.01219512195  16516158515.3  0.314406097561  -4.70320487805  10.12  
  8.845  4.82352941176  16516478738.6  0.3144  -4.89187058824  10.1200882353  
  8.85625  4.63017241379  16516478738.6  0.3144  -5.08522758621  10.1201  
  8.8675  4.43185840708  16516478738.6  0.3144  -5.28354159292  10.1201  
  8.87875  4.22818181818  16516478738.6  0.3144  -5.48721818182  10.1201  
  8.89  4.01869158879  16526009535.9  0.314218691589  -5.69670841121  10.1201  
  8.90125  3.80433215481  16639559113.1  0.312081645934  -5.91107744635  10.1197982396  
  8.9125  3.58411119778  16642051386.5  0.312034744831  -6.13129861596  10.1197915585  
  8.92375  3.35802567516  16642051386.5  0.312034744831  -6.35738413858  10.1197915585  
  8.935  3.12607702237  16642051386.5  0.312034744831  -6.58933279137  10.1197915585  
  8.94625  2.88816627569  16642051386.5  0.312034744831  -6.82724353805  10.1197915585  
  8.9575  2.6441987328  16642051386.5  0.312034744831  -7.07121108094  10.1197915585  
  8.96875  2.39396158392  16642051386.5  0.312034744831  -7.32144822982  10.1197915585  
  8.98  2.13647512594  16642051386.5  0.312034744831  -7.5789346878  10.1197915585  
  8.99125  1.87259059627  16642051386.5  0.312034744831  -7.84281921747  10.1197915585  
  9.0025  1.60223096904  16642051386.5  0.312034744831  -8.1131788447  10.1197915585  
  9.01375  1.32392514722  16642051386.5  0.312034744831  -8.39148466652  10.1197915585  
  9.025  1.03888758789  16642051386.5  0.312034744831  -8.67652222585  10.1197915585  
  9.03625  0.746157489077  16642051386.5  0.312034744831  -8.96925232466  10.1197915585  
  9.0475  0.44584519775  16642051386.5  0.312034744831  -9.26956461599  10.1197915585  
  9.05875  0.137559584016  16642051386.5  0.312034744831  -9.57785022972  10.1197915585  
  9.07  -0.178563973316  16642051386.5  0.312034744831  -9.89397378706  10.1197915585  
 2.18  25
  8.8  5.8045112782  20012580577.7  0.312102255639  -3.9910887218  10.1899  
  8.81125  5.62890625  20008783537.3  0.3121  -4.16660820313  10.1899855469  
  8.8225  5.4496  20008117599.5  0.3121  -4.3459  10.19  
  8.83375  5.26639344262  20005040300.5  0.3121  -4.5290397541  10.19  
  8.845  5.07796610169  20003511090.5  0.3121  -4.71743389831  10.19  
  8.85625  4.88434782609  20003511090.5  0.3121  -4.91105217391  10.19  
  8.8675  4.68672566372  20003511090.5  0.3121  -5.10867433628  10.19  
  8.87875  4.48348623853  20003511090.5  0.3121  -5.31191376147  10.1900582569  
  8.89  4.27358490566  20003511090.5  0.3121  -5.52181509434  10.1901  
  8.90125  4.05865384615  20008042211.3  0.312029326923  -5.73674615385  10.1901  
  8.9125  3.83894400028  19927369460.6  0.31329952358  -5.95646390253  10.1897228988  
  8.92375  3.61336346849  19907407804.3  0.313613753703  -6.18204634525  10.1896317142  
  8.935  3.38151487707  19907407804.3  0.313613753703  -6.41389493667  10.1896317142  
  8.94625  3.14337209397  19907407804.3  0.313613753703  -6.65203771977  10.1896317142  
  8.9575  2.8991471298  19907407804.3  0.313613753703  -6.89626268394  10.1896317142  
  8.96875  2.64875032941  19907407804.3  0.313613753703  -7.14665948433  10.1896317142  
  8.98  2.39193677605  19907407804.3  0.313613753703  -7.40347303769  10.1896317142  
  8.99125  2.12770322148  19907407804.3  0.313613753703  -7.66770659226  10.1896317142  
  9.0025  1.85697386698  19907407804.3  0.313613753703  -7.93843594676  10.1896317142  
  9.01375  1.57929713832  19907407804.3  0.313613753703  -8.21611267542  10.1896317142  
  9.025  1.29383225247  19907407804.3  0.313613753703  -8.50157756127  10.1896317142  
  9.03625  1.00159411009  19907407804.3  0.313613753703  -8.79381570365  10.1896317142  
  9.0475  0.700830941016  19907407804.3  0.313613753703  -9.09457887272  10.1896317142  
  9.05875  0.392967326181  19907407804.3  0.313613753703  -9.40244248756  10.1896317142  
  9.07  0.0763182145553  19907407804.3  0.313613753703  -9.71909159918  10.1896317142  
 2.26  25
  8.8  6.06060606061  24435793270.6  0.3074  -3.81512424242  10.2622  
  8.81125  5.88671875  24430901854.9  0.3074  -3.98892460938  10.2622566406  
  8.8225  5.70806451613  24425877345.2  0.3074  -4.16748951613  10.2623  
  8.83375  5.52416666667  24425851903.6  0.307362083333  -4.35133333333  10.2623  
  8.845  5.33559322034  24428974651.3  0.3073  -4.53987457627  10.2623  
  8.85625  5.14298245614  24425161262.3  0.3073  -4.73241754386  10.2623285088  
  8.8675  4.94414414414  24425161262.3  0.3073  -4.93125585586  10.2624  
  8.87875  4.74036697248  24425161262.3  0.3073  -5.13503302752  10.2624  
  8.89  4.5320754717  24425161262.3  0.3073  -5.3433245283  10.2624  
  8.90125  4.31747572816  24421882686.1  0.307341262136  -5.55792427184  10.2624  
  8.9125  4.09702970297  24421306405.2  0.307348514851  -5.77837029703  10.2624  
  8.92375  3.87050337341  24394681813.5  0.307688716102  -6.00490298082  10.2619957915  
  8.935  3.6384439808  24378087528.3  0.307900349387  -6.23696583294  10.2617757235  
  8.94625  3.40088802794  24378087528.3  0.307900349387  -6.4745217858  10.2617757235  
  8.9575  3.15640849882  24378087528.3  0.307900349387  -6.71900131492  10.2617757235  
  8.96875  2.90571292542  24378087528.3  0.307900349387  -6.96969688832  10.2617757235  
  8.98  2.64873563926  24378087528.3  0.307900349387  -7.22667417448  10.2617757235  
  8.99125  2.38510879242  24378087528.3  0.307900349387  -7.49030102132  10.2617757235  
  9.0025  2.11399053556  24378087528.3  0.307900349387  -7.76141927818  10.2617757235  
  9.01375  1.83628274841  24378087528.3  0.307900349387  -8.03912706533  10.2617757235  
  9.025  1.55104160441  24378087528.3  0.307900349387  -8.32436820933  10.2617757235  
  9.03625  1.25833722079  24378087528.3  0.307900349387  -8.61707259295  10.2617757235  
  9.0475  0.958068175382  24378087528.3  0.307900349387  -8.91734163836  10.2617757235  
  9.05875  0.64980295305  24378087528.3  0.307900349387  -9.22560686069  10.2617757235  
  9.07  0.333434918119  24378087528.3  0.307900349387  -9.54197489562  10.2617757235  
 2.34  25
  8.8  6.32461538462  30251835126.1  0.2987  -3.63137153846  10.3381376923  
  8.81125  6.15039370079  30237088872.3  0.2987  -3.80538149606  10.3382  
  8.8225  5.97235772358  30230891712.1  0.2987  -3.98332845528  10.3382138211  
  8.83375  5.78907563025  30224513271.0  0.2987  -4.16651890756  10.3383  
  8.845  5.6  30217934632.4  0.2987  -4.3555  10.3383  
  8.85625  5.40769230769  30217934632.4  0.2987  -4.54780769231  10.3383  
  8.8675  5.20884955752  30211285334.7  0.2987  -4.74655486726  10.3383  
  8.87875  5.00454545455  30210977496.9  0.2987  -4.95085454545  10.3383  
  8.89  4.79619047619  30210977496.9  0.2987  -5.15920952381  10.3383  
  8.90125  4.58155339806  30211910668.1  0.298690776699  -5.37384660194  10.3383  
  8.9125  4.362  30219172705.1  0.298619  -5.5934  10.3383  
  8.92375  4.13571428571  30214229563.6  0.298667857143  -5.81968571429  10.3383  
  8.935  3.90283670541  30177060787.4  0.299039677849  -6.05256806227  10.3379331011  
  8.94625  3.66383361303  30130455356.2  0.299505028697  -6.29157620071  10.3375447787  
  8.9575  3.41997782368  30130455356.2  0.299505028697  -6.53543199006  10.3375447787  
  8.96875  3.16936439377  30130455356.2  0.299505028697  -6.78604541997  10.3375447787  
  8.98  2.91202096346  30130455356.2  0.299505028697  -7.04338885028  10.3375447787  
  8.99125  2.64828906654  30130455356.2  0.299505028697  -7.3071207472  10.3375447787  
  9.0025  2.37767267108  30130455356.2  0.299505028697  -7.57773714266  10.3375447787  
  9.01375  2.09950362836  30130455356.2  0.299505028697  -7.85590618538  10.3375447787  
  9.025  1.81465362342  30130455356.2  0.299505028697  -8.14075619032  10.3375447787  
  9.03625  1.52169028385  30130455356.2  0.299505028697  -8.43371952989  10.3375447787  
  9.0475  1.22158857099  30130455356.2  0.299505028697  -8.73382124275  10.3375447787  
  9.05875  0.913113420154  30130455356.2  0.299505028697  -9.04229639359  10.3375447787  
  9.07  0.597175891445  30130455356.2  0.299505028697  -9.3582339223  10.3375447787  
 2.42  25
  8.8  6.59689922481  37291193370.3  0.2916  -3.43949457364  10.4174015504  
  8.81125  6.42248062016  37261253426.1  0.2916  -3.61356434109  10.4174887597  
  8.8225  6.2432  37243945988.0  0.2916  -3.7926432  10.4175  
  8.83375  6.05983606557  37228224660.3  0.2916  -3.97582377049  10.417570082  
  8.845  5.87118644068  37223094969.4  0.2916  -4.16441355932  10.4176  
  8.85625  5.67739130435  37217841218.8  0.2916  -4.3581473913  10.4176  
  8.8675  5.4796460177  37214525021.7  0.2916  -4.5558539823  10.4176  
  8.87875  5.27614678899  37209219165.9  0.2916  -4.7592912844  10.4176  
  8.89  5.06728971963  37205957047.1  0.2916  -4.96811028037  10.4176  
  8.90125  4.85288461538  37205957047.1  0.2916  -5.18251538462  10.4176  
  8.9125  4.63333333333  37205957047.1  0.2916  -5.40206666667  10.4176  
  8.92375  4.40707070707  37205957047.1  0.2916  -5.62832929293  10.4176  
  8.935  4.17473684211  37209182647.5  0.291574736842  -5.86066315789  10.4176  
  8.94625  3.93586712803  37192616408.1  0.291707388581  -6.09953601889  10.4173131521  
  8.9575  3.69018752007  37110255247.7  0.292358599143  -6.34522229367  10.4167054576  
  8.96875  3.43983699565  37110255247.7  0.292358599143  -6.59557281809  10.4167054576  
  8.98  3.18289496719  37110255247.7  0.292358599143  -6.85251484655  10.4167054576  
  8.99125  2.9187185806  37110255247.7  0.292358599143  -7.11669123314  10.4167054576  
  9.0025  2.64804974655  37110255247.7  0.292358599143  -7.38736006719  10.4167054576  
  9.01375  2.37027140913  37110255247.7  0.292358599143  -7.66513840461  10.4167054576  
  9.025  2.08487637226  37110255247.7  0.292358599143  -7.95053344148  10.4167054576  
  9.03625  1.79258238231  37110255247.7  0.292358599143  -8.24282743143  10.4167054576  
  9.0475  1.49186933026  37110255247.7  0.292358599143  -8.54354048348  10.4167054576  
  9.05875  1.18393765507  37110255247.7  0.292358599143  -8.85147215867  10.4167054576  
  9.07  0.867374306851  37110255247.7  0.292358599143  -9.16803550689  10.4167054576  
 2.5  25
  8.8  6.87272727273  45593889678.8  0.2872  -3.24436363636  10.4988636364  
  8.81125  6.69842519685  45536715186.4  0.2872  -3.41812086614  10.4989507874  
  8.8225  6.51935483871  45498242553.2  0.2872  -3.59682419355  10.499  
  8.83375  6.33636363636  45472825257.7  0.2872  -3.77957272727  10.499  
  8.845  6.14871794872  45453181923.9  0.2872  -3.96703076923  10.499025641  
  8.85625  5.95526315789  45435278872.5  0.2872  -4.16031447368  10.4991  
  8.8675  5.75675675676  45427157682.4  0.2872  -4.35874324324  10.4991  
  8.87875  5.55277777778  45427157682.4  0.2872  -4.56272222222  10.4991  
  8.89  5.34339622642  45424197648.8  0.2872  -4.7720754717  10.4991  
  8.90125  5.12912621359  45416698897.0  0.2872  -4.98627378641  10.4991  
  8.9125  4.90891089109  45416698897.0  0.2872  -5.20648910891  10.4991  
  8.92375  4.68383838384  45416698897.0  0.2872  -5.43156161616  10.4991  
  8.935  4.45208333333  45416698897.0  0.2872  -5.66331666667  10.4991  
  8.94625  4.21382978723  45416698897.0  0.2872  -5.90157021277  10.4991  
  8.9575  3.96858458483  45421439513.7  0.287171589871  -6.14681695668  10.4989303064  
  8.96875  3.71555385329  45277039584.7  0.288092392828  -6.39985596045  10.4980196794  
  8.98  3.458520339  45277039584.7  0.288092392828  -6.65688947474  10.4980196794  
  8.99125  3.19502404709  45277039584.7  0.288092392828  -6.92038576665  10.4980196794  
  9.0025  2.92383823425  45277039584.7  0.288092392828  -7.19157157949  10.4980196794  
  9.01375  2.64605939737  45277039584.7  0.288092392828  -7.46935041637  10.4980196794  
  9.025  2.36092081175  45277039584.7  0.288092392828  -7.75448900199  10.4980196794  
  9.03625  2.06813563846  45277039584.7  0.288092392828  -8.04727417528  10.4980196794  
  9.0475  1.7679506869  45277039584.7  0.288092392828  -8.34745912684  10.4980196794  
  9.05875  1.45959591662  45277039584.7  0.288092392828  -8.65581389712  10.4980196794  
  9.07  1.14329532642  45277039584.7  0.288092392828  -8.97211448732  10.4980196794  
 2.58  25
  8.8  7.15230769231  55362657621.6  0.2851  -3.04590615385  10.5812238462  
  8.81125  6.97857142857  55236714239.8  0.2851  -3.21865357143  10.5813  
  8.8225  6.8  55157272538.6  0.2851  -3.3966  10.5813  
  8.83375  6.61707317073  55110828937.3  0.2851  -3.57916097561  10.5813914634  
  8.845  6.42857142857  55073877281.4  0.2851  -3.76737142857  10.5814  
  8.85625  6.23534482759  55047567696.5  0.2851  -3.96039051724  10.5814  
  8.8675  6.03571428571  55032677310.7  0.2851  -4.15990357143  10.5814  
  8.87875  5.83181818182  55019760213.7  0.2851  -4.36369772727  10.5814  
  8.89  5.62407407407  55017744569.6  0.2851  -4.57142592593  10.5814  
  8.90125  5.40865384615  55005625808.8  0.2851  -4.78675048077  10.5814  
  8.9125  5.19  55005077724.2  0.2851  -5.0054  10.5814  
  8.92375  4.96391752577  55005077724.2  0.2851  -5.23148247423  10.5814  
  8.935  4.73125  55005077724.2  0.2851  -5.46415  10.5814  
  8.94625  4.4935483871  55005077724.2  0.2851  -5.7018516129  10.5814  
  8.9575  4.25  55005077724.2  0.2851  -5.9454  10.5814  
  8.96875  3.99883702536  55003763856.8  0.285106875688  -6.19656303171  10.5813928144  
  8.98  3.73722572221  54779128281.8  0.286282431276  -6.45818409153  10.5801642786  
  8.99125  3.47333649535  54779128281.8  0.286282431276  -6.72207331839  10.5801642786  
  9.0025  3.20297188848  54779128281.8  0.286282431276  -6.99243792526  10.5801642786  
  9.01375  2.92467467416  54779128281.8  0.286282431276  -7.27073513958  10.5801642786  
  9.025  2.63963134957  54779128281.8  0.286282431276  -7.55577846417  10.5801642786  
  9.03625  2.34690837144  54779128281.8  0.286282431276  -7.8485014423  10.5801642786  
  9.0475  2.04658961061  54779128281.8  0.286282431276  -8.14882020313  10.5801642786  
  9.05875  1.73830978058  54779128281.8  0.286282431276  -8.45710003316  10.5801642786  
  9.07  1.42217911898  54779128281.8  0.286282431276  -8.77323069476  10.5801642786  
 2.66  25
  8.8  7.43333333333  67050565213.8  0.284183333333  -2.84666666667  10.6636833333  
  8.81125  7.25968992248  66811937041.2  0.2842  -3.0187875969  10.6637  
  8.8225  7.08064516129  66655970194.0  0.2842  -3.19681774194  10.6637596774  
  8.83375  6.89669421488  66532776394.6  0.284251652893  -3.38004421488  10.6638  
  8.845  6.70847457627  66448606522.6  0.2843  -3.56778813559  10.6638  
  8.85625  6.51565217391  66404367412.7  0.2843  -3.76032130435  10.6638  
  8.8675  6.31711711712  66371510518.5  0.2843  -3.95864144144  10.6638  
  8.87875  6.1128440367  66355903235.4  0.2843  -4.16281238532  10.6638  
  8.89  5.9046728972  66340001901.3  0.2843  -4.37087943925  10.6638  
  8.90125  5.69029126214  66332007368.6  0.2843  -4.58520873786  10.6638548544  
  8.9125  5.46930693069  66322027808.7  0.2843  -4.80612772277  10.6639  
  8.92375  5.24343434343  66316735617.8  0.2843  -5.03196565657  10.6639  
  8.935  5.01237113402  66316735617.8  0.2843  -5.26302886598  10.6639  
  8.94625  4.775  66316735617.8  0.2843  -5.5004  10.6639  
  8.9575  4.52967032967  66316735617.8  0.2843  -5.74572967033  10.6639  
  8.96875  4.2797752809  66316735617.8  0.2843  -5.9956247191  10.6639  
  8.98  4.02298850575  66337388018.3  0.284211494253  -6.25241149425  10.6639  
  8.99125  3.75321191613  65978553121.3  0.285763677572  -6.52219789761  10.6623270512  
  9.0025  3.48231022025  65978553121.3  0.285763677572  -6.79309959349  10.6623270512  
  9.01375  3.20483029984  65978553121.3  0.285763677572  -7.0705795139  10.6623270512  
  9.025  2.91925640043  65978553121.3  0.285763677572  -7.35615341331  10.6623270512  
  9.03625  2.62681139763  65978553121.3  0.285763677572  -7.64859841611  10.6623270512  
  9.0475  2.32626933319  65978553121.3  0.285763677572  -7.94914048055  10.6623270512  
  9.05875  2.01829182485  65978553121.3  0.285763677572  -8.25711798889  10.6623270512  
  9.07  1.70170462412  65978553121.3  0.285763677572  -8.57370518962  10.6623270512  
 2.74  25
  8.8  7.71538461538  81381678826.1  0.283284615385  -2.64736153846  10.746  
  8.81125  7.54094488189  80884530985.6  0.283429527559  -2.81936456693  10.746  
  8.8225  7.36260162602  80551860621.9  0.283518699187  -2.99605528455  10.7460186992  
  8.83375  7.17916666667  80317560460.2  0.2836  -3.17835  10.7461  
  8.845  6.99137931034  80179924408.3  0.283604310345  -3.36539913793  10.7461  
  8.85625  6.79736842105  80063895748.4  0.2837  -3.55892763158  10.7461  
  8.8675  6.6  80009335632.1  0.2837  -3.756  10.7461  
  8.87875  6.39537037037  79971646134.3  0.2837  -3.960425  10.7461  
  8.89  6.18666666667  79934451319.7  0.2837  -4.16892666667  10.7461  
  8.90125  5.97184466019  79917274485.2  0.2837  -4.38365533981  10.7461  
  8.9125  5.752  79917274485.2  0.2837  -4.6035  10.7461  
  8.92375  5.52551020408  79910421605.0  0.2837  -4.82995255102  10.7461  
  8.935  5.29375  79898874971.1  0.2837  -5.06165  10.7461  
  8.94625  5.05638297872  79898874971.1  0.2837  -5.29901702128  10.7461  
  8.9575  4.81304347826  79898874971.1  0.2837  -5.54235652174  10.7461  
  8.96875  4.5625  79898874971.1  0.2837  -5.7929  10.7461  
  8.98  4.30465116279  79898874971.1  0.2837  -6.05074883721  10.7461  
  8.99125  4.04117647059  79898874971.1  0.2837  -6.31422352941  10.7461  
  9.0025  3.76256115905  79347168385.3  0.285679041974  -6.59284865469  10.7442312789  
  9.01375  3.4845019529  79347168385.3  0.285679041974  -6.87090786084  10.7442312789  
  9.025  3.19976265746  79347168385.3  0.285679041974  -7.15564715628  10.7442312789  
  9.03625  2.90665906973  79347168385.3  0.285679041974  -7.44875074401  10.7442312789  
  9.0475  2.60668650423  79347168385.3  0.285679041974  -7.74872330951  10.7442312789  
  9.05875  2.29809387319  79347168385.3  0.285679041974  -8.05731594055  10.7442312789  
  9.07  1.98205538758  79347168385.3  0.285679041974  -8.37335442616  10.7442312789  
 2.82  25
  8.8  8.0  99267006192.3  0.2819  -2.4469  10.8284  
  8.81125  7.82421875  98335468649.3  0.282163671875  -2.61898984375  10.8283121094  
  8.8225  7.6448  97681167393.6  0.2823552  -2.7958048  10.8283  
  8.83375  7.46147540984  97241621887.4  0.282469262295  -2.97734713115  10.8283  
  8.845  7.27288135593  96936005707.5  0.282563559322  -3.16471949153  10.8282364407  
  8.85625  7.07913043478  96753198928.3  0.2826  -3.35770695652  10.8282  
  8.8675  6.8814159292  96634332648.6  0.2826  -3.55488761062  10.8282  
  8.87875  6.67798165138  96561907232.0  0.2826  -3.75799633028  10.8282  
  8.89  6.4691588785  96493156781.0  0.282665420561  -3.96661028037  10.8282  
  8.90125  6.25480769231  96449859124.7  0.2827  -4.18081971154  10.8282  
  8.9125  6.03366336634  96425305790.7  0.2827  -4.40185346535  10.8282  
  8.92375  5.809  96421568409.2  0.2827  -4.6265  10.8282  
  8.935  5.57684210526  96399369078.5  0.2827  -4.85855789474  10.8282  
  8.94625  5.33870967742  96399369078.5  0.2827  -5.09669032258  10.8282  
  8.9575  5.09450549451  96399369078.5  0.2827  -5.34089450549  10.8282  
  8.96875  4.84382022472  96399369078.5  0.2827  -5.59157977528  10.8282  
  8.98  4.58823529412  96399369078.5  0.2827  -5.84716470588  10.8282  
  8.99125  4.32261904762  96399369078.5  0.2827  -6.11278095238  10.8282  
  9.0025  4.05301204819  96424439046.3  0.282626506024  -6.38238795181  10.8282  
  9.01375  3.76507890329  95395316957.4  0.285681921604  -6.67033091045  10.8259267175  
  9.025  3.47972401686  95395316957.4  0.285681921604  -6.95568579688  10.8259267175  
  9.03625  3.18738158753  95395316957.4  0.285681921604  -7.24802822621  10.8259267175  
  9.0475  2.88671350853  95395316957.4  0.285681921604  -7.54869630521  10.8259267175  
  9.05875  2.57874255082  95395316957.4  0.285681921604  -7.85666726292  10.8259267175  
  9.07  2.2622285253  95395316957.4  0.285681921604  -8.17318128844  10.8259267175  
 2.9  25
  8.8  8.28396946565  122572858029.0  0.27890610687  -2.24985725191  10.9112259542  
  8.81125  8.1094488189  120669848713.0  0.279426377953  -2.41840629921  10.9110094488  
  8.8225  7.93008130081  119350793509.0  0.279804878049  -2.59359512195  10.9108650407  
  8.83375  7.74583333333  118469183469.0  0.280027083333  -2.77497083333  10.9107729167  
  8.845  7.55726495726  117911208051.0  0.280121367521  -2.96163589744  10.9106786325  
  8.85625  7.36403508772  117528271501.0  0.280217982456  -3.15360307018  10.9106  
  8.8675  7.16576576577  117264044808.0  0.280317117117  -3.35104864865  10.9106  
  8.87875  6.96203703704  117097087472.0  0.2804  -3.55428703704  10.9106  
  8.89  6.75283018868  116997027841.0  0.2804  -3.76312264151  10.9106  
  8.90125  6.53883495146  116939393061.0  0.2804  -3.9769038835  10.9106  
  8.9125  6.318  116902013303.0  0.2804  -4.1976  10.9106  
  8.92375  6.09191919192  116887468552.0  0.2804  -4.42362676768  10.9106  
  8.935  5.86041666667  116875098718.0  0.2804  -4.65508333333  10.9106  
  8.94625  5.62234042553  116851196054.0  0.2804  -4.89307074468  10.9106  
  8.9575  5.37802197802  116806533221.0  0.2805  -5.13737802198  10.9106  
  8.96875  5.12840909091  116821444573.0  0.280464204545  -5.38699090909  10.9106  
  8.98  4.87126436782  116848190330.0  0.2804  -5.64413563218  10.9106  
  8.99125  4.60823529412  116848190330.0  0.2804  -5.90716470588  10.9106  
  9.0025  4.33658536585  116848190330.0  0.2804  -6.17881463415  10.9106  
  9.01375  4.05875  116877631655.0  0.280329375  -6.45665  10.9106  
  9.025  3.76121192403  114686468880.0  0.285691705998  -6.75419788971  10.9076874559  
  9.03625  3.46842436885  114686468880.0  0.285691705998  -7.04698544489  10.9076874559  
  9.0475  3.16824188988  114686468880.0  0.285691705998  -7.34716792386  10.9076874559  
  9.05875  2.85988447991  114686468880.0  0.285691705998  -7.65552533383  10.9076874559  
  9.07  2.54358587236  114686468880.0  0.285691705998  -7.97182394138  10.9076874559  
 2.98  25
  8.8  8.5734375  153740993984.0  0.2735328125  -2.05034140625  10.9952203125  
  8.81125  8.3976  149975626544.0  0.2744084  -2.2168172  10.9946952  
  8.8225  8.2176  147509480426.0  0.2750384  -2.3906072  10.9943352  
  8.83375  8.03360655738  145829310906.0  0.275432786885  -2.57024959016  10.9941336066  
  8.845  7.84537815126  144734477587.0  0.275654621849  -2.75555714286  10.9940226891  
  8.85625  7.65130434783  143976565380.0  0.275848695652  -2.9476573913  10.9939256522  
  8.8675  7.45309734513  143491141718.0  0.275973451327  -3.14459469027  10.9938265487  
  8.87875  7.24862385321  143141818951.0  0.276075688073  -3.3481706422  10.9938  
  8.89  7.04074074074  142960186061.0  0.2761  -3.55554074074  10.9938  
  8.90125  6.82596153846  142847468179.0  0.2761  -3.76997740385  10.9937129808  
  8.9125  6.60588235294  142770827609.0  0.2761  -3.98982352941  10.9937  
  8.92375  6.38041237113  142681127626.0  0.2762  -4.21517783505  10.9937  
  8.935  6.14736842105  142651494441.0  0.2762  -4.44813157895  10.9937  
  8.94625  5.90957446809  142636645239.0  0.2762  -4.68588031915  10.9937  
  8.9575  5.66593406593  142653277185.0  0.276132967033  -4.92946593407  10.9937  
  8.96875  5.41460674157  142670306210.0  0.2761  -5.18079325843  10.9937  
  8.98  5.15813953488  142659494760.0  0.276120930233  -5.43726046512  10.9937  
  8.99125  4.89404761905  142618651501.0  0.2762  -5.70135238095  10.9937  
  9.0025  4.62409638554  142573253137.0  0.276287951807  -5.97130361446  10.9937  
  9.01375  4.34556962025  142501426781.0  0.27642721519  -6.24983037975  10.9937  
  9.025  4.06075949367  142428053370.0  0.276569620253  -6.53464050633  10.9937  
  9.03625  3.75218490515  137880004044.0  0.285698872374  -6.84322490859  10.9900215267  
  9.0475  3.45182067089  137880004044.0  0.285698872374  -7.14358914285  10.9900215267  
  9.05875  3.14358142915  137880004044.0  0.285698872374  -7.45182838459  10.9900215267  
  9.07  2.82740083555  137880004044.0  0.285698872374  -7.76800897819  10.9900215267  
 3.06  25
  8.8  8.86976744186  198038246953.0  0.265137209302  -1.85030930233  11.0815581395  
  8.81125  8.69285714286  190677891368.0  0.266496428571  -2.01306428571  11.0804642857  
  8.8225  8.51219512195  185637069583.0  0.267451219512  -2.18368536585  11.0797365854  
  8.83375  8.3275  182230331550.0  0.2681175  -2.36143375  11.07929125  
  8.845  8.13846153846  179929710941.0  0.268592307692  -2.54573076923  11.0790076923  
  8.85625  7.94473684211  178444487341.0  0.268882894737  -2.73632763158  11.0787723684  
  8.8675  7.74594594595  177434437055.0  0.269127027027  -2.93304864865  11.078672973  
  8.87875  7.54220183486  176814755761.0  0.269228899083  -3.13543807339  11.0785711009  
  8.89  7.33333333333  176404658100.0  0.269333333333  -3.34346666667  11.0785  
  8.90125  7.11826923077  176132294029.0  0.2694  -3.55796730769  11.0785  
  8.9125  6.89900990099  175995445889.0  0.2694  -3.77688910891  11.0785  
  8.92375  6.67244897959  175929486774.0  0.2694  -4.0032872449  11.0784362245  
  8.935  6.4412371134  175882661583.0  0.2694  -4.23438350515  11.0784  
  8.94625  6.20319148936  175834465069.0  0.2694  -4.47231010638  11.0784  
  8.9575  5.95824175824  175760125193.0  0.2695  -4.71723736264  11.0784  
  8.96875  5.70795454545  175698108815.0  0.269546022727  -4.96744545455  11.0784  
  8.98  5.45057471264  175662925863.0  0.2696  -5.22482528736  11.0784  
  8.99125  5.1869047619  175662925863.0  0.2696  -5.4884952381  11.0784  
  9.0025  4.91707317073  175716998503.0  0.269517073171  -5.75832682927  11.0784  
  9.01375  4.63875  175951344574.0  0.269158125  -6.03665  11.0784  
  9.025  4.35324675325  176312728040.0  0.268606493506  -6.32215324675  11.0784  
  9.03625  4.06103896104  176697186793.0  0.268022077922  -6.61436103896  11.0784  
  9.0475  3.73997106111  165765394986.0  0.285703750124  -6.93543875263  11.0736116035  
  9.05875  3.4318696601  165765394986.0  0.285703750124  -7.24354015364  11.0736116035  
  9.07  3.11537729877  165765394986.0  0.285703750124  -7.56003251497  11.0736116035  
 3.14  25
  8.8  9.17777777778  262934137636.0  0.253766666667  -1.64641111111  11.1712444444  
  8.81125  8.99919354839  247944196672.0  0.255906451613  -1.80323991935  11.1691943548  
  8.8225  8.81774193548  238210753265.0  0.257358064516  -1.96972177419  11.1679241935  
  8.83375  8.63223140496  231500489229.0  0.258422727273  -2.14462520661  11.1670450413  
  8.845  8.44237288136  226967491254.0  0.259151694915  -2.32713135593  11.1665059322  
  8.85625  8.24782608696  223906716807.0  0.259680434783  -2.51667391304  11.1660956522  
  8.8675  8.04821428571  221912630376.0  0.260027678571  -2.71298482143  11.1658482143  
  8.87875  7.84454545455  220609575583.0  0.260255454545  -2.91447772727  11.1657222727  
  8.89  7.63551401869  219787019330.0  0.260382242991  -3.12209906542  11.165617757  
  8.90125  7.42019230769  219270324388.0  0.260489903846  -3.33657836538  11.1655100962  
  8.9125  7.2  218973859155.0  0.2605  -3.5562  11.1655  
  8.92375  6.97448979592  218725835197.0  0.2606  -3.78138469388  11.1654872449  
  8.935  6.74315789474  218623664691.0  0.2606  -4.01251368421  11.1654  
  8.94625  6.50430107527  218563553011.0  0.2606  -4.25125107527  11.1654  
  8.9575  6.26086956522  218537307800.0  0.2606  -4.49463043478  11.1654  
  8.96875  6.01011235955  218616957577.0  0.26050505618  -4.74538764045  11.1654  
  8.98  5.75348837209  218777918678.0  0.260253488372  -5.00191162791  11.1654  
  8.99125  5.48928571429  219000251032.0  0.259989285714  -5.26611428571  11.1654  
  9.0025  5.21927710843  219151651040.0  0.259809638554  -5.53612289157  11.1654  
  9.01375  4.94050632911  218866159820.0  0.260148734177  -5.81489367089  11.1655  
  9.025  4.65569620253  217967794826.0  0.261221518987  -6.09970379747  11.1655  
  9.03625  4.36184210526  216423357387.0  0.263086184211  -6.39355789474  11.1655  
  9.0475  4.06216216216  214701638575.0  0.265195945946  -6.69323783784  11.1655  
  9.05875  3.72680912392  199291523896.0  0.285707068882  -7.02860068982  11.1590907884  
  9.07  3.41078734005  199291523896.0  0.285707068882  -7.34462247369  11.1590907884  
 3.22  25
  8.8  9.50161290323  366500820160.0  0.240021774194  -1.44206532258  11.2660895161  
  8.81125  9.31951219512  335816730877.0  0.242926829268  -1.59173658537  11.262352439  
  8.8225  9.13553719008  314676790827.0  0.245244628099  -1.75178429752  11.2598553719  
  8.83375  8.94830508475  300387567800.0  0.246936016949  -1.92190550847  11.2581639831  
  8.845  8.75689655172  290862299802.0  0.248093965517  -2.10138534483  11.2570275862  
  8.85625  8.56194690265  284547869831.0  0.248914159292  -2.28824955752  11.2563048673  
  8.8675  8.36216216216  280398240245.0  0.249475675676  -2.48263783784  11.2558432432  
  8.87875  8.15833333333  277752078355.0  0.249841666667  -2.6829875  11.2555583333  
  8.89  7.94857142857  276140579139.0  0.250025714286  -2.89054285714  11.2553742857  
  8.90125  7.73300970874  275101879694.0  0.250133495146  -3.10465533981  11.2552665049  
  8.9125  7.51287128713  274442527535.0  0.2502  -3.32386732673  11.2552  
  8.92375  7.28787878788  274122408108.0  0.2502  -3.5483530303  11.2552  
  8.935  7.05625  273981890586.0  0.250128125  -3.779634375  11.2552  
  8.94625  6.81808510638  274001745219.0  0.250009042553  -4.01762393617  11.2552  
  8.9575  6.57362637363  274182832054.0  0.249773626374  -4.26196043956  11.2552  
  8.96875  6.32386363636  274402446660.0  0.249523863636  -4.51163636364  11.2552380682  
  8.98  6.06666666667  274759110560.0  0.2492  -4.76883333333  11.2553  
  8.99125  5.80352941176  275303610997.0  0.248707058824  -5.03197058824  11.2553982353  
  9.0025  5.53170731707  276094295580.0  0.247995121951  -5.30379268293  11.2555341463  
  9.01375  5.25555555556  277100760256.0  0.247094444444  -5.57994444444  11.2556722222  
  9.025  4.97142857143  278625053980.0  0.245742857143  -5.86407142857  11.2559285714  
  9.03625  4.67922077922  280738859039.0  0.243894155844  -6.15627922078  11.2562811688  
  9.0475  4.38108108108  283772251300.0  0.241291891892  -6.45442837838  11.2567378378  
  9.05875  4.07361111111  288333104799.0  0.237530555556  -6.76198888889  11.2574791667  
  9.07  3.7144546196  239599212288.0  0.285709333336  -7.12095519414  11.2467610886  
 3.3  25
  8.8  9.84628099174  538593477653.0  0.224997520661  -1.23616528926  11.3675909091  
  8.81125  9.65916666667  475694341010.0  0.228435  -1.37620791667  11.3607933333  
  8.8225  9.47058823529  431635621449.0  0.231505882353  -1.52865294118  11.3562470588  
  8.83375  9.28050847458  401463383494.0  0.233974152542  -1.69207330508  11.3531868644  
  8.845  9.08793103448  381177087469.0  0.235796551724  -1.86562327586  11.3511474138  
  8.85625  8.89115044248  367732383543.0  0.237044247788  -2.04916283186  11.3498557522  
  8.8675  8.69009009009  358920053988.0  0.237884684685  -2.24125315315  11.3490153153  
  8.87875  8.48532110092  353357781417.0  0.238372018349  -2.4401412844  11.3484706422  
  8.89  8.27547169811  350021862742.0  0.238562264151  -2.64622264151  11.3481754717  
  8.90125  8.06057692308  348122964566.0  0.238530288462  -2.85869855769  11.3480302885  
  8.9125  7.84117647059  347174754113.0  0.238341176471  -3.07657058824  11.348  
  8.92375  7.61515151515  347059003591.0  0.23793030303  -3.30170151515  11.348  
  8.935  7.38333333333  347457140928.0  0.237341666667  -3.53294166667  11.3481166667  
  8.94625  7.14731182796  348486034358.0  0.236462903226  -3.76863548387  11.3483526882  
  8.9575  6.9032967033  350098944718.0  0.235268131868  -4.01245494505  11.3485967033  
  8.96875  6.65444444444  352325283168.0  0.233753888889  -4.26125555556  11.3489911111  
  8.98  6.39770114943  355483642323.0  0.231675862069  -4.51799885057  11.3495057471  
  8.99125  6.1369047619  360019775752.0  0.228779761905  -4.77882678571  11.3502208333  
  9.0025  5.86904761905  366234524910.0  0.224970238095  -5.04681785714  11.3512892857  
  9.01375  5.5962962963  374587677821.0  0.220014814815  -5.31970555556  11.3526259259  
  9.025  5.3164556962  386779156402.0  0.213202531646  -5.5997278481  11.3547101266  
  9.03625  5.03164556962  403266447830.0  0.204612658228  -5.88482278481  11.3574677215  
  9.0475  4.74358974359  426219169932.0  0.193830769231  -6.17329487179  11.3613307692  
  9.05875  4.45324675325  457273884878.0  0.180902597403  -6.46414675325  11.3667818182  
  9.07  4.16103896104  498991488445.0  0.166137662338  -6.7571974026  11.3742467532  
 3.38  25
  8.8  10.2153846154  851711424966.0  0.208446153846  -1.03319230769  11.4786076923  
  8.81125  10.0215517241  716634555833.0  0.212904310345  -1.16124655172  11.4665931034  
  8.8225  9.82905982906  624960134154.0  0.216220512821  -1.30115555556  11.4583769231  
  8.83375  9.63391304348  561018063890.0  0.21910826087  -1.45536956522  11.4528817391  
  8.845  9.43684210526  517085341189.0  0.221639473684  -1.62216315789  11.4493078947  
  8.85625  9.23805309735  488121906227.0  0.223395575221  -1.79945221239  11.4469995575  
  8.8675  9.03603603604  469694748282.0  0.224355855856  -1.98667837838  11.4456162162  
  8.87875  8.83027522936  458196842555.0  0.224754587156  -2.18247201835  11.4448059633  
  8.89  8.62056074766  451688982877.0  0.224620560748  -2.38572523364  11.4444308411  
  8.90125  8.40666666667  448870335342.0  0.223923333333  -2.59555333333  11.4444  
  8.9125  8.188  448514008532.0  0.22281  -2.81171  11.444624  
  8.92375  7.96262626263  450478297090.0  0.221044949495  -3.03552424242  11.4451121212  
  8.935  7.73402061856  454443966659.0  0.218708247423  -3.26331443299  11.4458639175  
  8.94625  7.5  460491107580.0  0.2156  -3.49685  11.44695  
  8.9575  7.26021505376  469076548452.0  0.211583870968  -3.73648494624  11.4484086022  
  8.96875  7.01630434783  480707979940.0  0.206458695652  -3.98039565217  11.450361413  
  8.98  6.76666666667  496814143460.0  0.1999  -4.23028333333  11.45305  
  8.99125  6.51573033708  517993640883.0  0.191950561798  -4.48163820225  11.4567325843  
  9.0025  6.26136363636  545896344757.0  0.182423863636  -4.73665227273  11.4615420455  
  9.01375  6.00568181818  581669657778.0  0.17145  -4.99310113636  11.4679494318  
  9.025  5.74831460674  629074359593.0  0.15908988764  -5.25166966292  11.4765932584  
  9.03625  5.49550561798  687474689056.0  0.146166292135  -5.5060258427  11.4877724719  
  9.0475  5.24444444444  758634721245.0  0.133033333333  -5.75907777778  11.5019111111  
  9.05875  5.00107526882  841935059545.0  0.120455376344  -6.00501290323  11.5193204301  
  9.07  4.77  936970056477.0  0.10915  -6.23931  11.54054  
 3.46  25
  8.8  10.6156521739  1.46402952632e+12  0.193029565217  -0.834668695652  11.6052226087  
  8.81125  10.4151785714  1.1891635485e+12  0.194763392857  -0.9488875  11.584240625  
  8.8225  10.2142857143  984933371277.0  0.198335714286  -1.07599285714  11.5697  
  8.83375  10.0133928571  840313749733.0  0.202238839286  -1.21656473214  11.5597428571  
  8.845  9.8125  744768585584.0  0.20475  -1.3705625  11.5532875  
  8.85625  9.60990990991  680919559034.0  0.206610810811  -1.53825990991  11.5491932432  
  8.8675  9.40720720721  638881555470.0  0.20804954955  -1.71635045045  11.5468792793  
  8.87875  9.20091743119  614191254907.0  0.2081  -1.90565688073  11.5457050459  
  8.89  8.99245283019  601579832032.0  0.207132075472  -2.10308679245  11.5455188679  
  8.90125  8.77980769231  597588852686.0  0.205147596154  -2.30865817308  11.5461009615  
  8.9125  8.56310679612  600005963062.0  0.202291262136  -2.52101359223  11.547276699  
  8.92375  8.34411764706  608067819830.0  0.198454411765  -2.73746323529  11.5491147059  
  8.935  8.122  621582790808.0  0.19355  -2.958227  11.551792  
  8.94625  7.89595959596  640968305996.0  0.187482828283  -3.18373636364  11.5553727273  
  8.9575  7.66868686869  666706990523.0  0.180301010101  -3.41111010101  11.5600545455  
  8.96875  7.43979591837  699646951252.0  0.17207244898  -3.64066479592  11.5660857143  
  8.98  7.21212121212  740779917036.0  0.162896969697  -3.86941818182  11.573869697  
  8.99125  6.985  792177061939.0  0.15291  -4.098135  11.5837025  
  9.0025  6.76078431373  854146072644.0  0.142576470588  -4.32446666667  11.5961882353  
  9.01375  6.5419047619  925664931517.0  0.132427619048  -4.54603761905  11.6114185714  
  9.025  6.33090909091  1.00596575453e+12  0.122825454545  -4.76036909091  11.6293672727  
  9.03625  6.12894736842  1.093594808e+12  0.114051315789  -4.96638684211  11.6502065789  
  9.0475  5.935  1.18715097249e+12  0.10623  -5.1651525  11.6739725  
  9.05875  5.7511627907  1.28394782563e+12  0.0994639534884  -5.35457093023  11.7002383721  
  9.07  5.57841726619  1.38152519253e+12  0.0937417266187  -5.53362158273  11.7285035971  
 3.54  25
  8.8  11.0509090909  2.83789679738e+12  0.174014545455  -0.640405454545  11.7570381818  
  8.81125  10.8435185185  2.19792994477e+12  0.176251388889  -0.742140740741  11.7220106481  
  8.8225  10.6351851852  1.71201136097e+12  0.181302777778  -0.854877777778  11.6961638889  
  8.83375  10.428440367  1.39101154625e+12  0.184258715596  -0.979294495413  11.6783752294  
  8.845  10.2220183486  1.1759736265e+12  0.185934862385  -1.11719357798  11.6664889908  
  8.85625  10.0155963303  1.02553648833e+12  0.187944036697  -1.26911192661  11.6590302752  
  8.8675  9.80917431193  926024856656.0  0.189340366972  -1.43460091743  11.6547788991  
  8.87875  9.60454545455  866354882754.0  0.189302272727  -1.61028636364  11.6529386364  
  8.89  9.39814814815  830798668430.0  0.188576851852  -1.79683518519  11.6529138889  
  8.90125  9.18981481481  818056615982.0  0.185916666667  -1.99228287037  11.6545324074  
  8.9125  8.98148148148  820267291385.0  0.182064814815  -2.19268333333  11.6573703704  
  8.92375  8.77289719626  834726908835.0  0.177041121495  -2.39667757009  11.6617046729  
  8.935  8.56296296296  859721302586.0  0.171033333333  -2.60438888889  11.6674592593  
  8.94625  8.35462962963  893984910689.0  0.164289351852  -2.81216111111  11.6749282407  
  8.9575  8.14727272727  938376664288.0  0.156796363636  -3.02022272727  11.6842681818  
  8.96875  7.94424778761  991471242806.0  0.149025663717  -3.22502123894  11.6956238938  
  8.98  7.74608695652  1.05255127204e+12  0.141243478261  -3.4258026087  11.7092591304  
  8.99125  7.5525  1.12205269729e+12  0.1335475  -3.62282125  11.72536  
  9.0025  7.3664  1.19750221364e+12  0.12634  -3.8131408  11.7438472  
  9.01375  7.18721804511  1.27893425196e+12  0.119652631579  -3.99742932331  11.7646383459  
  9.025  7.01804511278  1.36412443146e+12  0.113731578947  -4.17252330827  11.7876458647  
  9.03625  6.85744680851  1.45167819459e+12  0.108609574468  -4.33988297872  11.8127659574  
  9.0475  6.70588235294  1.54012583488e+12  0.104164705882  -4.49890588235  11.8391705882  
  9.05875  6.56204819277  1.62911164976e+12  0.100270180723  -4.65078072289  11.8665129518  
  9.07  6.4265060241  1.71859662221e+12  0.0969493975904  -4.79499759036  11.894773494  
 3.62  25
  8.8  11.5050847458  0.0  0.179666101695  -0.452383050847  11.9375610169  
  8.81125  11.309009009  4.12702307107e+12  0.17196981982  -0.539646396396  11.8882  
  8.8225  11.100952381  3.30674112699e+12  0.166564761905  -0.637437142857  11.84736  
  8.83375  10.8866666667  2.60162191059e+12  0.166303333333  -0.746623333333  11.8163466667  
  8.845  10.6735849057  2.05836340149e+12  0.169575471698  -0.866995283019  11.7944122642  
  8.85625  10.4626168224  1.69265109756e+12  0.171930373832  -0.999942523364  11.7800004673  
  8.8675  10.2537037037  1.452958899e+12  0.172985185185  -1.14576759259  11.7714259259  
  8.87875  10.0467889908  1.29386931004e+12  0.173583027523  -1.30418761468  11.7672252294  
  8.89  9.84181818182  1.19500790002e+12  0.173225454545  -1.47398909091  11.7665  
  8.90125  9.64017857143  1.14247950677e+12  0.171421875  -1.65168080357  11.7684178571  
  8.9125  9.4407079646  1.12015456656e+12  0.168690265487  -1.83564159292  11.7727230088  
  8.92375  9.24434782609  1.12335635473e+12  0.164675652174  -2.02277043478  11.7791478261  
  8.935  9.05128205128  1.14532471373e+12  0.159758974359  -2.21104358974  11.7876897436  
  8.94625  8.86134453782  1.18162333346e+12  0.154309663866  -2.39940084034  11.7984193277  
  8.9575  8.67642276423  1.22874229903e+12  0.148669105691  -2.58506585366  11.8113065041  
  8.96875  8.49765625  1.28497971397e+12  0.143025  -2.76638828125  11.8263132813  
  8.98  8.32537313433  1.34890335416e+12  0.137511940299  -2.94265373134  11.8433716418  
  8.99125  8.15985915493  1.41845529745e+12  0.132295774648  -3.11328626761  11.8623183099  
  9.0025  8.0014084507  1.49142351282e+12  0.127542253521  -3.27783732394  11.8829169014  
  9.01375  7.85231788079  1.56898564265e+12  0.123364900662  -3.43421854305  11.9056953642  
  9.025  7.71042944785  1.64804733284e+12  0.119660736196  -3.58413435583  11.9294644172  
  9.03625  7.57428571429  1.72799067843e+12  0.11636  -3.72890428571  11.9540428571  
  9.0475  7.44571428571  1.80830419668e+12  0.11366  -3.86692571429  11.9797571429  
  9.05875  7.32408376963  1.88862295239e+12  0.111371465969  -3.99852094241  12.005715445  
  9.07  7.20628272251  1.96894459775e+12  0.109309947644  -4.12657068063  12.031808377  
 3.7  25
  8.8  11.9253731343  7.93822479063e+12  0.202923880597  -0.279670149254  12.1269373134  
  8.81125  11.7540322581  6.73749223047e+12  0.191981048387  -0.356217741935  12.071991129  
  8.8225  11.5704347826  5.65761031589e+12  0.180514782609  -0.43767826087  12.0215852174  
  8.83375  11.3731481481  4.70115452221e+12  0.169618518519  -0.527608333333  11.9775203704  
  8.845  11.1631067961  3.84931055865e+12  0.16152038835  -0.629144660194  11.9419223301  
  8.85625  10.9451923077  3.06478090294e+12  0.160222115385  -0.743921153846  11.9157850962  
  8.8675  10.7301886792  2.44943625402e+12  0.163272641509  -0.870116037736  11.8983462264  
  8.87875  10.5209090909  2.04926248139e+12  0.165058181818  -1.00728681818  11.8881877273  
  8.89  10.3171171171  1.79468859379e+12  0.165341441441  -1.15461531532  11.8838783784  
  8.90125  10.1173913043  1.62795097165e+12  0.165234782609  -1.31203478261  11.8840326087  
  8.9125  9.92372881356  1.52851085879e+12  0.164389830508  -1.47630932203  11.8878644068  
  8.92375  9.73577235772  1.47926536745e+12  0.162500813008  -1.64510325203  11.894750813  
  8.935  9.55433070866  1.46591941147e+12  0.159732283465  -1.8151480315  11.9041685039  
  8.94625  9.37819548872  1.4784940342e+12  0.156331203008  -1.98564097744  11.9160097744  
  8.9575  9.20902255639  1.50924081189e+12  0.152693984962  -2.15354511278  11.9300511278  
  8.96875  9.04785714286  1.55376163417e+12  0.149076785714  -2.31684892857  11.9463946429  
  8.98  8.89395973154  1.60723884431e+12  0.145561073826  -2.47499261745  11.9643959732  
  8.99125  8.74620253165  1.6673842587e+12  0.142216455696  -2.62861424051  11.9838275316  
  9.0025  8.60379746835  1.73279911935e+12  0.139083544304  -2.77821075949  12.0045474684  
  9.01375  8.47192982456  1.80187416811e+12  0.136502631579  -2.91872280702  12.0266798246  
  9.025  8.34426229508  1.87275199902e+12  0.134180327869  -3.05570819672  12.0493901639  
  9.03625  8.22131147541  1.94568284828e+12  0.132151639344  -3.18874098361  12.0727508197  
  9.0475  8.10558375635  2.01924891959e+12  0.130619796954  -3.31537461929  12.096580203  
  9.05875  7.9919047619  2.09281319552e+12  0.129239285714  -3.44018571429  12.1205133333  
  9.07  7.88476190476  2.16472586439e+12  0.128435714286  -3.55911428571  12.1445133333  
 3.78  25
  8.8  11.9944841356  8.36335056626e+12  0.214411131559  -0.25893729763  12.1999169469  
  8.81125  11.9974250586  8.38378261269e+12  0.214618466628  -0.257584473064  12.2007609918  
  8.8225  11.9787878788  8.25430090702e+12  0.213304545455  -0.266157575758  12.1954121212  
  8.83375  11.8083333333  7.07006887407e+12  0.2012875  -0.344566666667  12.1464916667  
  8.845  11.6260162602  6.00711388835e+12  0.189043089431  -0.428258536585  12.1032138211  
  8.85625  11.4307017544  5.07332171994e+12  0.176549561404  -0.520447368421  12.0659491228  
  8.8675  11.2240740741  4.23850982511e+12  0.166331481481  -0.623314814815  12.036637963  
  8.87875  11.0086538462  3.42846202499e+12  0.163573557692  -0.739779326923  12.0158918269  
  8.89  10.8  2.78307559472e+12  0.1666  -0.8662  12.0036  
  8.90125  10.599137931  2.3794841173e+12  0.168000862069  -1.00264396552  11.9984017241  
  8.9125  10.4051724138  2.12312065163e+12  0.168194827586  -1.1475362069  11.9987896552  
  8.92375  10.2204918033  1.95828718555e+12  0.168379508197  -1.29751967213  12.0036467213  
  8.935  10.04375  1.86236516626e+12  0.168009375  -1.45154375  12.012090625  
  8.94625  9.87573529412  1.81622168147e+12  0.166905882353  -1.60587683824  12.0233091912  
  8.9575  9.71527777778  1.80382510199e+12  0.165368055556  -1.75935833333  12.0368909722  
  8.96875  9.56168831169  1.81644586473e+12  0.163467857143  -1.9109288961  12.0524016234  
  8.98  9.41558441558  1.85194036069e+12  0.161057142857  -2.05900519481  12.0695688312  
  8.99125  9.27818181818  1.89680950091e+12  0.159277272727  -2.20191727273  12.0885154545  
  9.0025  9.14576271186  1.94722524619e+12  0.157703389831  -2.34139830508  12.108340678  
  9.01375  9.0186440678  2.00359010133e+12  0.156305084746  -2.47709745763  12.1290610169  
  9.025  8.89894736842  2.0657994876e+12  0.155241052632  -2.60699578947  12.1504915789  
  9.03625  8.78177339901  2.12941874668e+12  0.154317980296  -2.73484950739  12.172108867  
  9.0475  8.67093596059  2.19509759163e+12  0.153819211823  -2.85738029557  12.1940546798  
  9.05875  8.56179245283  2.25961868725e+12  0.153576415094  -2.97847783019  12.2159516509  
  9.07  8.45566037736  2.32208156183e+12  0.153788679245  -3.09702735849  12.2377617925  
 3.86  25
  8.8  11.9884265393  7.92612122257e+12  0.230922042567  -0.273726327504  12.2523471419  
  8.81125  11.9912693653  7.94340546434e+12  0.231162261369  -0.272368878062  12.2530478986  
  8.8225  11.9941121914  7.96068970611e+12  0.231402480171  -0.271011428621  12.2537486552  
  8.83375  11.9969550174  7.97797394787e+12  0.231642698972  -0.269653979179  12.2544494118  
  8.845  11.9997978435  7.99525818964e+12  0.231882917774  -0.268296529738  12.2551501684  
  8.85625  11.8404580153  7.02647991747e+12  0.21841870229  -0.34438129771  12.2158729008  
  8.8675  11.6601626016  6.05369112395e+12  0.204442276423  -0.430891869919  12.1787715447  
  8.87875  11.4686956522  5.1733061839e+12  0.191365217391  -0.525386521739  12.1485204348  
  8.89  11.2672727273  4.35946575034e+12  0.181856363636  -0.630310909091  12.1265227273  
  8.90125  11.063963964  3.6194092049e+12  0.179027927928  -0.745885135135  12.1131581081  
  8.9125  10.8672413793  3.04086421561e+12  0.180625862069  -0.871087068966  12.1069456897  
  8.92375  10.6804878049  2.65998499926e+12  0.18197804878  -1.0035804878  12.106695122  
  8.935  10.5030769231  2.41608551559e+12  0.182639230769  -1.14116538462  12.1113284615  
  8.94625  10.3345323741  2.25730393761e+12  0.183229136691  -1.28188057554  12.1197863309  
  8.9575  10.1744966443  2.15993772286e+12  0.1837  -1.42403691275  12.1311718121  
  8.96875  10.0234899329  2.11717815426e+12  0.1837  -1.56636073826  12.1452154362  
  8.98  9.88198757764  2.11105350063e+12  0.183404968944  -1.70592236025  12.1613254658  
  8.99125  9.74624277457  2.12365354204e+12  0.183011849711  -1.8433  12.1785797688  
  9.0025  9.6161849711  2.15325200134e+12  0.182556647399  -1.9783  12.1969179191  
  9.01375  9.49408602151  2.19452569803e+12  0.182552956989  -2.10858682796  12.2162521505  
  9.025  9.37461928934  2.23934119097e+12  0.182701522843  -2.23720456853  12.2358796954  
  9.03625  9.26040609137  2.29074498471e+12  0.183158375635  -2.3623251269  12.2560383249  
  9.0475  9.14829268293  2.34270147195e+12  0.183917073171  -2.48597268293  12.2761882927  
  9.05875  9.03853658537  2.39527843585e+12  0.185014634146  -2.60796658537  12.2963285366  
  9.07  8.92980769231  2.44267847382e+12  0.186733653846  -2.72920480769  12.3160697115  
 3.94  25
  8.8  11.9831794643  7.64813821712e+12  0.247614152234  -0.293609344632  12.302584508  
  8.81125  11.9859173346  7.66514793923e+12  0.24780717209  -0.292256836705  12.3031567229  
  8.8225  11.988694372  7.68240099724e+12  0.248002953229  -0.290884980212  12.3037371238  
  8.83375  11.9914714095  7.69965405525e+12  0.248198734368  -0.289513123719  12.3043175246  
  8.845  11.9942484469  7.71690711326e+12  0.248394515507  -0.288141267226  12.3048979254  
  8.85625  11.9970254843  7.73416017127e+12  0.248590296646  -0.286769410733  12.3054783262  
  8.8675  11.9998025218  7.75141322928e+12  0.248786077786  -0.28539755424  12.3060587271  
  8.87875  11.8416666667  6.76895363153e+12  0.2376375  -0.363516666667  12.2730083333  
  8.89  11.664  5.82611423227e+12  0.22518  -0.452372  12.243492  
  8.90125  11.4781512605  5.02009806574e+12  0.212657983193  -0.548775210084  12.2218806723  
  8.9125  11.2871794872  4.29772027968e+12  0.204115384615  -0.654364102564  12.2090538462  
  8.92375  11.0975  3.65090937692e+12  0.202525  -0.7697  12.20361625  
  8.935  10.9169230769  3.1586307726e+12  0.204496923077  -0.892247692308  12.2035046154  
  8.94625  10.7471014493  2.83660514739e+12  0.206111594203  -1.01943043478  12.2076862319  
  8.9575  10.5851351351  2.63265080019e+12  0.206804054054  -1.15075878378  12.2157594595  
  8.96875  10.4331081081  2.5104723597e+12  0.207868243243  -1.28431452703  12.2276175676  
  8.98  10.2906832298  2.44470196588e+12  0.208865217391  -1.41736024845  12.2417329193  
  8.99125  10.1545977011  2.41174297195e+12  0.209749712644  -1.54943362069  12.2571568966  
  9.0025  10.0252873563  2.41039923739e+12  0.21046091954  -1.67997241379  12.273837931  
  9.01375  9.90216216216  2.43153891997e+12  0.211382702703  -1.80876783784  12.2916289189  
  9.025  9.78144329897  2.46010930198e+12  0.212450515464  -1.93675257732  12.3097690722  
  9.03625  9.66546391753  2.49899655005e+12  0.214016237113  -2.06270618557  12.3283257732  
  9.0475  9.551  2.53940470303e+12  0.2158555  -2.187847  12.346787  
  9.05875  9.4385  2.58178382461e+12  0.21804925  -2.3119345  12.3651245  
  9.07  9.32525252525  2.6189746687e+12  0.220967676768  -2.43714545455  12.3829484848  
 4.02  25
  8.8  11.9781661035  7.06364930505e+12  0.281558098528  -0.319880702454  12.3525100715  
  8.81125  11.9810222819  7.07682048822e+12  0.281903696104  -0.318431191959  12.3529927656  
  8.8225  11.9838784602  7.08999167139e+12  0.282249293681  -0.316981681463  12.3534754598  
  8.83375  11.9866517035  7.10278040211e+12  0.282584856119  -0.315574260494  12.3539441379  
  8.845  11.9893550038  7.11524659312e+12  0.282911955465  -0.314202335551  12.3544009956  
  8.85625  11.9920583042  7.12771278414e+12  0.283239054811  -0.312830410609  12.3548578534  
  8.8675  11.9947616046  7.14017897516e+12  0.283566154156  -0.311458485666  12.3553147112  
  8.87875  11.997464905  7.15264516617e+12  0.283893253502  -0.310086560724  12.3557715689  
  8.89  11.9895522388  7.11615613643e+12  0.282935820896  -0.314102238806  12.3544343284  
  8.90125  11.821641791  6.34184199378e+12  0.262618656716  -0.399316791045  12.3260574627  
  8.9125  11.6456692913  5.57439373617e+12  0.246264566929  -0.490860629921  12.3059637795  
  8.92375  11.4664  4.86432530168e+12  0.2345848  -0.5896496  12.2949544  
  8.935  11.2873015873  4.21420476929e+12  0.229673015873  -0.697054761905  12.291618254  
  8.94625  11.1141791045  3.67631966889e+12  0.230130223881  -0.812032462687  12.2923440299  
  8.9575  10.9503448276  3.28706494942e+12  0.232396551724  -0.932275172414  12.2955365517  
  8.96875  10.7955128205  3.03711112874e+12  0.233942628205  -1.0560375  12.3017769231  
  8.98  10.6512820513  2.90010169024e+12  0.235312820513  -1.1826  12.3138923077  
  8.99125  10.5136904762  2.81268142742e+12  0.236878869048  -1.30989613095  12.3276940476  
  9.0025  10.3811111111  2.75965551802e+12  0.23864  -1.43748166667  12.3426461111  
  9.01375  10.2561111111  2.74614867838e+12  0.24089  -1.56441916667  12.3588336111  
  9.025  10.1340425532  2.74912811493e+12  0.243285106383  -1.69124893617  12.3754659574  
  9.03625  10.0143617021  2.76553588937e+12  0.245798404255  -1.81799095745  12.3924606383  
  9.0475  9.896875  2.79425186504e+12  0.248678125  -1.9449875  12.40935  
  9.05875  9.77947368421  2.824351093e+12  0.251767105263  -2.072425  12.4260813158  
  9.07  9.66105263158  2.85304273595e+12  0.255615789474  -2.2018  12.4421273684  
 4.1  25
  8.8  11.9728401906  7.81671777304e+12  0.264164228673  -0.341328013825  12.4086247865  
  8.81125  11.9756078342  7.83391136681e+12  0.264290156458  -0.339786436329  12.409009489  
  8.8225  11.9783754779  7.85110496057e+12  0.264416084243  -0.338244858833  12.4093941914  
  8.83375  11.9811431215  7.86829855434e+12  0.264542012027  -0.336703281337  12.4097788939  
  8.845  11.9839107651  7.88549214811e+12  0.264667939812  -0.335161703842  12.4101635963  
  8.85625  11.9867092502  7.90287734045e+12  0.264795270886  -0.333602947619  12.4105525858  
  8.8675  11.9895654286  7.92062094348e+12  0.264925226999  -0.332012056297  12.4109495946  
  8.87875  11.9924216069  7.93836454651e+12  0.265055183112  -0.330421164975  12.4113466034  
  8.89  11.9952777852  7.95610814954e+12  0.265185139226  -0.328830273653  12.4117436121  
  8.90125  11.9981339635  7.97385175257e+12  0.265315095339  -0.32723938233  12.4121406209  
  8.9125  11.9442857143  7.63932713538e+12  0.262865  -0.357232857143  12.4046557143  
  8.92375  11.782962963  6.65583293544e+12  0.25561  -0.447362222222  12.3832796296  
  8.935  11.6162962963  5.80337986432e+12  0.24886  -0.542862222222  12.370362963  
  8.94625  11.4462121212  4.99272363288e+12  0.2482  -0.645626136364  12.3659473485  
  8.9575  11.2802919708  4.33871665149e+12  0.250893430657  -0.755101459854  12.3677532847  
  8.96875  11.1233333333  3.88265072852e+12  0.25385  -0.86973  12.373855  
  8.98  10.9751552795  3.58919579569e+12  0.256010559006  -0.987989440994  12.3827496894  
  8.99125  10.8354037267  3.42245230556e+12  0.257757453416  -1.10999254658  12.3942791925  
  9.0025  10.7023255814  3.32044293298e+12  0.259811627907  -1.23344651163  12.4077976744  
  9.01375  10.5729281768  3.25497691946e+12  0.26191961326  -1.35778314917  12.4222975138  
  9.025  10.4486187845  3.24187987745e+12  0.26384640884  -1.48352209945  12.4378983425  
  9.03625  10.3259459459  3.2494996114e+12  0.265895945946  -1.61056783784  12.4531086486  
  9.0475  10.2043243243  3.27042647151e+12  0.268024324324  -1.73845297297  12.4680681081  
  9.05875  10.0820652174  3.29094427127e+12  0.27169701087  -1.86930815217  12.4829880435  
  9.07  9.95865921788  3.30843288818e+12  0.275832960894  -2.00157932961  12.4975268156  
 4.18  25
  8.8  11.96484674  7.89523484159e+12  0.272881082127  -0.367965327747  12.4857324708  
  8.81125  11.9680450754  7.90962364704e+12  0.273119358116  -0.365975963111  12.4862026261  
  8.8225  11.9712434108  7.9240124525e+12  0.273357634105  -0.363986598476  12.4866727814  
  8.83375  11.9744417462  7.93840125796e+12  0.273595910095  -0.361997233841  12.4871429367  
  8.845  11.9776400817  7.95279006342e+12  0.273834186084  -0.360007869206  12.487613092  
  8.85625  11.9808384171  7.96717886887e+12  0.274072462073  -0.35801850457  12.4880832473  
  8.8675  11.9840367525  7.98156767433e+12  0.274310738062  -0.356029139935  12.4885534026  
  8.87875  11.9870966304  7.99533358127e+12  0.274538698966  -0.354125895881  12.4890032047  
  8.89  11.989864274  8.00778477237e+12  0.274744888416  -0.35240442155  12.4894100483  
  8.90125  11.9926319177  8.02023596347e+12  0.274951077865  -0.350682947219  12.4898168919  
  8.9125  11.9953995613  8.03268715458e+12  0.275157267315  -0.348961472888  12.4902237355  
  8.92375  11.9981672049  8.04513834568e+12  0.275363456764  -0.347239998557  12.4906305791  
  8.935  11.9441176471  7.80197792971e+12  0.271336764706  -0.380858823529  12.4826852941  
  8.94625  11.778030303  7.08219556498e+12  0.258534848485  -0.484351893939  12.4599511364  
  8.9575  11.6075757576  6.52807600608e+12  0.242512121212  -0.591823484848  12.4479340909  
  8.96875  11.4395522388  5.75118681809e+12  0.241719776119  -0.702655970149  12.4470791045  
  8.98  11.2845637584  5.02224196885e+12  0.252262416107  -0.816069798658  12.4526563758  
  8.99125  11.14  4.50105092837e+12  0.26234  -0.93175  12.46187  
  9.0025  11.0036363636  4.22140763081e+12  0.267658181818  -1.04936363636  12.4733927273  
  9.01375  10.874137931  4.14524154399e+12  0.267296551724  -1.17036982759  12.486475  
  9.025  10.7466666667  4.08891222082e+12  0.268013333333  -1.29308  12.5000533333  
  9.03625  10.6216666667  4.05174752133e+12  0.270388333333  -1.417955  12.5142408333  
  9.0475  10.4978021978  4.05751028168e+12  0.272384065934  -1.54563021978  12.5285038462  
  9.05875  10.3737430168  4.07663707334e+12  0.27430698324  -1.67478798883  12.5426226257  
  9.07  10.2480446927  4.11228799249e+12  0.276255307263  -1.80733687151  12.5561351955  
 4.26  25
  8.8  11.9390108802  1.05090222108e+13  0.209442027689  -0.402961335394  12.5563903759  
  8.81125  11.9391032746  1.05095469365e+13  0.209446508816  -0.402900493707  12.5563978136  
  8.8225  11.9391956689  1.05100716623e+13  0.209450989942  -0.40283965202  12.5564052513  
  8.83375  11.9392880633  1.0510596388e+13  0.209455471069  -0.402778810334  12.5564126891  
  8.845  11.9393804576  1.05111211138e+13  0.209459952195  -0.402717968647  12.5564201268  
  8.85625  11.9623189017  1.06413930491e+13  0.210572466734  -0.387613003205  12.5582666716  
  8.8675  11.9759769472  1.07189597757e+13  0.211234881941  -0.378619180242  12.5593661443  
  8.87875  11.9791752827  1.07371237516e+13  0.211390001209  -0.376513076363  12.5596236103  
  8.89  11.9823736181  1.07552877275e+13  0.211545120478  -0.374406972485  12.5598810763  
  8.90125  11.9855719535  1.07734517034e+13  0.211700239746  -0.372300868607  12.5601385423  
  8.9125  11.9887702889  1.07916156793e+13  0.211855359014  -0.370194764728  12.5603960083  
  8.92375  11.9919686244  1.08097796552e+13  0.212010478282  -0.36808866085  12.5606534743  
  8.935  11.9951669598  1.08279436311e+13  0.21216559755  -0.365982556972  12.5609109403  
  8.94625  11.9983652952  1.0846107607e+13  0.212320716818  -0.363876453093  12.5611684063  
  8.9575  11.9276315789  1.04443969211e+13  0.208890131579  -0.410454605263  12.5554743421  
  8.96875  11.7796052632  9.62965539426e+12  0.201965789474  -0.509082236842  12.5451082237  
  8.98  11.6315789474  8.97717942786e+12  0.196636842105  -0.614921052632  12.5444421053  
  8.99125  11.482781457  8.30499160397e+12  0.196203311258  -0.728637417219  12.5486370861  
  9.0025  11.3346405229  7.50247452868e+12  0.204150980392  -0.848424836601  12.5544124183  
  9.01375  11.1887573964  6.57541888885e+12  0.220882840237  -0.972971301775  12.5609162722  
  9.025  11.0556213018  5.99196055974e+12  0.237258579882  -1.09578934911  12.5717668639  
  9.03625  10.9272222222  5.68095098764e+12  0.246356111111  -1.21867694444  12.58416  
  9.0475  10.8022222222  5.56543899689e+12  0.250231111111  -1.34161444444  12.59766  
  9.05875  10.6758426966  5.58205395198e+12  0.250858707865  -1.47037837079  12.6108744382  
  9.07  10.5485714286  5.62035300464e+12  0.251148571429  -1.60110857143  12.6238142857  
 4.34  25
  8.8  11.9686484311  1.0570864404e+13  0.22395186241  -0.405163934132  12.7028826991  
  8.81125  11.9687408254  1.05709415292e+13  0.223964381846  -0.405100089628  12.7028842236  
  8.8225  11.9688332198  1.05710186544e+13  0.223976901282  -0.405036245125  12.7028857481  
  8.83375  11.9689256142  1.05710957796e+13  0.223989420717  -0.404972400622  12.7028872726  
  8.845  11.9690180085  1.05711729048e+13  0.224001940153  -0.404908556118  12.7028887971  
  8.85625  11.9691104029  1.05712500299e+13  0.224014459589  -0.404844711615  12.7028903216  
  8.8675  11.9692027972  1.05713271551e+13  0.224026979025  -0.404780867112  12.7028918462  
  8.87875  11.9692951916  1.05714042803e+13  0.224039498461  -0.404717022608  12.7028933707  
  8.89  11.969387586  1.05714814055e+13  0.224052017897  -0.404653178105  12.7028948952  
  8.90125  11.9694799803  1.05715585307e+13  0.224064537333  -0.404589333601  12.7028964197  
  8.9125  11.9695723747  1.05716356559e+13  0.224077056769  -0.404525489098  12.7028979442  
  8.92375  11.969664769  1.05717127811e+13  0.224089576205  -0.404461644595  12.7028994687  
  8.935  11.9871071545  1.05862726225e+13  0.226453019438  -0.392408956223  12.703187268  
  8.94625  11.99030549  1.05889423982e+13  0.226886393888  -0.390198906443  12.7032400406  
  8.9575  11.9935038254  1.05916121739e+13  0.227319768339  -0.387988856664  12.7032928131  
  8.96875  11.9967021608  1.05942819496e+13  0.227753142789  -0.385778806884  12.7033455857  
  8.98  11.9999004962  1.05969517253e+13  0.228186517239  -0.383568757104  12.7033983582  
  8.99125  11.9331325301  1.05412178922e+13  0.219139457831  -0.429705421687  12.7022966867  
  9.0025  11.7973154362  1.04322866792e+13  0.200746979866  -0.523658389262  12.7000946309  
  9.01375  11.6463087248  1.05560207957e+13  0.180889597315  -0.633817785235  12.6997926174  
  9.025  11.4818181818  1.07710624361e+13  0.166645454545  -0.771836363636  12.6953272727  
  9.03625  11.3152173913  1.03146188479e+13  0.171852173913  -0.931283695652  12.6898413043  
  9.0475  11.1602409639  9.28190620215e+12  0.191848192771  -1.08908253012  12.6890246988  
  9.05875  11.0246987952  8.4439513664e+12  0.209739759036  -1.22265933735  12.6976316265  
  9.07  10.8936416185  8.25715696873e+12  0.214489017341  -1.35458150289  12.708134104  
 4.42  25
  8.8  0.0  0.0  0.0  0.0  0.0  
  8.81125  0.0  0.0  0.0  0.0  0.0  
  8.8225  0.0  0.0  0.0  0.0  0.0  
  8.83375  0.0  0.0  0.0  0.0  0.0  
  8.845  0.0  0.0  0.0  0.0  0.0  
  8.85625  0.0  0.0  0.0  0.0  0.0  
  8.8675  0.0  0.0  0.0  0.0  0.0  
  8.87875  0.0  0.0  0.0  0.0  0.0  
  8.89  0.0  0.0  0.0  0.0  0.0  
  8.90125  0.0  0.0  0.0  0.0  0.0  
  8.9125  0.0  0.0  0.0  0.0  0.0  
  8.92375  0.0  0.0  0.0  0.0  0.0  
  8.935  0.0  0.0  0.0  0.0  0.0  
  8.94625  0.0  0.0  0.0  0.0  0.0  
  8.9575  0.0  0.0  0.0  0.0  0.0  
  8.96875  0.0  0.0  0.0  0.0  0.0  
  8.98  0.0  0.0  0.0  0.0  0.0  
  8.99125  0.0  0.0  0.0  0.0  0.0  
  9.0025  0.0  0.0  0.0  0.0  0.0  
  9.01375  11.943258427  7.26706028069e+12  0.337988764045  -0.446625  12.7865794944  
  9.025  11.8168539326  7.16842556855e+12  0.319028089888  -0.54225  12.788538764  
  9.03625  11.681097561  7.44913899992e+12  0.29331402439  -0.657196646341  12.7917131098  
  9.0475  11.5452380952  7.94749147403e+12  0.268053571429  -0.781689285714  12.7963833333  
  9.05875  11.4113095238  8.67610423136e+12  0.244950892857  -0.915684821429  12.8029458333  
  9.07  11.2781065089  9.5655398477e+12  0.226300591716  -1.05547573964  12.8100822485  
